2	1	-0.60992	2.93078	-2.70842	-0.0209351	0.669367	-0.52065	-0.504881	-1.41023	0.363213	0.516829	0.879348	
2	2	-0.0989694	0.162807	0.0205258	-0.155438	0.398383	-0.192297	-2.02014	-0.830855	0.698174	0.755896	1.1464	
2	3	-0.119557	0.194179	-0.068957	-0.0109397	0.038597	-0.0131745	-3.26	-0.488335	1.05257	1.39454	1.76528	
2	4	0	0	0	-0.0726443	0.0881102	-0.0243587	-5.39403	0.255382	-10001	1.41797	1.77116	
2	5	0	0	0	0	0	0	-12.4105	3.33025	-10001	-10001	1.79032	
2	6	0	0	0	0	0	0	0	0	-10001	-10001	-10001	
2	7	0	0	0	0	0	0	0	0	-10001	-10001	-10001	
2	8	0	0	0	0	0	0	0	0	-10001	-10001	-10001	
2	9	0	0	0	0	0	0	0	0	-10001	-10001	-10001	
2	10	0	0	0	0	0	0	0	0	-10001	-10001	-10001	
2	11	0	0	0	0	0	0	0	0	-10001	-10001	-10001	
2	12	0	0	0	0	0	0	0	0	-10001	-10001	-10001	
2	13	0	0	0	0	0	0	0	0	-10001	-10001	-10001	
2	14	0	0	0	0	0	0	0	0	-10001	-10001	-10001	
2	15	0	0	0	0	0	0	0	0	-10001	-10001	-10001	
2	16	0	0	0	0	0	0	0	0	-10001	-10001	-10001	
2	17	0	0	0	0	0	0	0	0	-10001	-10001	-10001	
2	18	0	0	0	0	0	0	0	0	-10001	-10001	-10001	
2	19	0	0	0	0	0	0	0	0	-10001	-10001	-10001	
2	20	0	0	0	0	0	0	0	0	-10001	-10001	-10001	
2	21	0	0	0	0	0	0	0	0	-10001	-10001	-10001	
2	22	0	0	0	0	0	0	0	0	-10001	-10001	-10001	
2	23	0	0	0	0	0	0	0	0	-10001	-10001	-10001	
2	24	0	0	0	0	0	0	0	0	-10001	-10001	-10001	
2	25	0	0	0	0	0	0	0	0	-10001	-10001	-10001	
2	26	0	0	0	0	0	0	0	0	-10001	-10001	-10001	
2	27	0	0	0	0	0	0	0	0	-10001	-10001	-10001	
2	28	0	0	0	0	0	0	0	0	-10001	-10001	-10001	
2	29	0	0	0	0	0	0	0	0	-10001	-10001	-10001	
2	30	0	0	0	0	0	0	0	0	-10001	-10001	-10001	
2	31	0	0	0	0	0	0	0	0	-10001	-10001	-10001	
2	32	0	0	0	0	0	0	0	0	-10001	-10001	-10001	
2	33	0	0	0	0	0	0	0	0	-10001	-10001	-10001	
2	34	0	0	0	0	0	0	0	0	-10001	-10001	-10001	
2	35	0	0	0	0	0	0	0	0	-10001	-10001	-10001	
3	1	-0.109342	1.56547	-3.13569	0.0863498	0.0718647	-0.185438	-1.3984	-2.30294	0.105389	0.253132	0.634544	
3	2	-0.0389207	0.184705	0.180851	-0.0100432	0.17445	-0.188689	-2.29446	-2.1809	0.207833	0.266012	0.614726	
3	3	-0.0606418	0.296019	-0.304446	0.00776182	0.0196553	-0.0225057	-3.01056	-2.0896	0.321569	0.49011	0.835635	
3	4	-0.0269097	0.0960876	-0.0719754	0.00926873	-0.00569844	-8.67299e-05	-3.62628	-2.00805	0.443596	0.707943	1.09836	
3	5	-0.0249488	0.0725487	-0.0485431	-0.000728514	0.00777008	-0.00503357	-4.28652	-1.86119	0.571923	0.744418	1.10002	
3	6	0.000198907	-0.00667232	0.00973163	-0.0060582	0.0145956	-0.00743103	-4.99912	-1.66791	0.705166	0.758608	1.10242	
3	7	-0.00909118	0.0184929	-0.00888875	-0.000563704	0.00211243	-0.00100185	-5.47514	-1.61212	0.842329	1.03846	1.40453	
3	8	-0.00748667	0.0135524	-0.00593857	-0.00211643	0.00375523	-0.00146527	-6.21733	-1.39784	0.982674	1.09508	1.41335	
3	9	-0.00278475	0.00426705	-0.0015476	-9.72248e-05	0.000420096	-0.000169461	-6.68213	-1.33951	1.12564	1.39571	1.72849	
3	10	-0.002465	0.00345008	-0.00116889	-0.000667678	0.000953421	-0.000301081	-7.60832	-1.04062	1.2708	1.43849	1.7257	
3	11	-0.000131646	-3.4276e-05	9.8973e-05	-0.000926565	0.00114474	-0.000335371	-8.79252	-0.623981	1.4178	1.46654	1.75397	
3	12	0	0	0	-0.000978151	0.00112043	-0.000311966	-10.8415	0.211225	-10001	1.56638	1.78609	
3	13	0	0	0	-2.88822e-05	-3.73883e-05	3.39773e-05	-15.1816	2.17112	-10001	1.71631	1.77903	
3	14	0	0	0	0	0	0	-23.391	5.94328	-10001	-10001	1.86741	
3	15	0	0	0	0	0	0	0	0	-10001	-10001	-10001	
3	16	0	0	0	0	0	0	0	0	-10001	-10001	-10001	
3	17	0	0	0	0	0	0	0	0	-10001	-10001	-10001	
3	18	0	0	0	0	0	0	0	0	-10001	-10001	-10001	
3	19	0	0	0	0	0	0	0	0	-10001	-10001	-10001	
3	20	0	0	0	0	0	0	0	0	-10001	-10001	-10001	
3	21	0	0	0	0	0	0	0	0	-10001	-10001	-10001	
3	22	0	0	0	0	0	0	0	0	-10001	-10001	-10001	
3	23	0	0	0	0	0	0	0	0	-10001	-10001	-10001	
3	24	0	0	0	0	0	0	0	0	-10001	-10001	-10001	
3	25	0	0	0	0	0	0	0	0	-10001	-10001	-10001	
3	26	0	0	0	0	0	0	0	0	-10001	-10001	-10001	
3	27	0	0	0	0	0	0	0	0	-10001	-10001	-10001	
3	28	0	0	0	0	0	0	0	0	-10001	-10001	-10001	
3	29	0	0	0	0	0	0	0	0	-10001	-10001	-10001	
3	30	0	0	0	0	0	0	0	0	-10001	-10001	-10001	
3	31	0	0	0	0	0	0	0	0	-10001	-10001	-10001	
3	32	0	0	0	0	0	0	0	0	-10001	-10001	-10001	
3	33	0	0	0	0	0	0	0	0	-10001	-10001	-10001	
3	34	0	0	0	0	0	0	0	0	-10001	-10001	-10001	
3	35	0	0	0	0	0	0	0	0	-10001	-10001	-10001	
4	1	-0.0209365	0.619006	-1.53668	0.0627375	-0.0904935	0.0259554	-2.12281	-3.21168	0.05119	0.227021	0.654567	
4	2	-0.022702	0.322531	-0.673442	0.0234012	-0.0238883	-0.0017786	-2.8929	-3.16369	0.098845	0.257882	0.658322	
4	3	-0.021791	0.210521	-0.388494	0.00690674	0.00664056	-0.0173078	-3.50728	-3.10984	0.151366	0.274633	0.627272	
4	4	-0.00100945	-0.0205201	0.136218	-0.000551583	0.0193967	-0.0230252	-4.04348	-3.04346	0.207939	0.261655	0.605022	
4	5	-0.00882958	0.0497467	-0.0571372	0.00383521	-0.00419752	0.000838945	-4.47268	-3.01737	0.26793	0.465228	0.831522	
4	6	-0.00782038	0.0370998	-0.0387783	0.00127961	0.00036524	-0.00139297	-4.92166	-2.93764	0.330831	0.491297	0.820665	
4	7	-0.00682078	0.0281945	-0.0269464	-0.000166342	0.00271997	-0.00241296	-5.33455	-2.86719	0.396233	0.519179	0.829335	
4	8	-0.000515991	-0.000785316	0.00443347	-0.00103689	0.00402166	-0.00290889	-5.75376	-2.77664	0.463802	0.517637	0.838695	
4	9	-0.00248615	0.00763107	-0.00538925	0.000402299	-0.00020455	-5.39569e-05	-6.05079	-2.75721	0.533262	0.73432	1.08951	
4	10	-0.0023446	0.00658938	-0.00440261	-2.51415e-05	0.00043818	-0.000308967	-6.39569	-2.69773	0.604383	0.75131	1.09199	
4	11	-0.00200839	0.00519006	-0.00324284	-0.000301992	0.000840074	-0.000464403	-6.80266	-2.59394	0.676972	0.78281	1.08866	
4	12	-0.000774762	0.00173553	-0.000911919	0.000144621	-0.000111339	1.76236e-05	-7.00723	-2.60716	0.750864	0.993431	1.39485	
4	13	-0.000666466	0.00138505	-0.000687123	4.33155e-05	1.15284e-05	-2.11522e-05	-7.41482	-2.49636	0.82592	1.03121	1.38694	
4	14	-0.000622399	0.00121735	-0.000577805	-4.12049e-05	0.000114764	-5.38458e-05	-7.82764	-2.38168	0.902018	1.05216	1.38851	
4	15	-0.000531212	0.000977478	-0.000440332	-9.85037e-05	0.00018233	-7.46212e-05	-8.21113	-2.29464	0.979054	1.08712	1.39267	
4	16	-0.000149671	0.000243373	-9.34429e-05	3.5362e-05	-2.62662e-05	4.78235e-06	-8.31776	-2.34019	1.05694	1.38443	1.74882	
4	17	-0.000140949	0.000216638	-7.99623e-05	1.26049e-05	-3.10494e-06	-1.2872e-06	-8.77185	-2.20602	1.13559	1.39652	1.72833	
4	18	-0.000131756	0.000192814	-6.85949e-05	-7.14634e-06	1.72264e-05	-6.68014e-06	-9.27807	-2.04749	1.21494	1.41798	1.71603	
4	19	-0.000112997	0.000157456	-5.37019e-05	-1.73311e-05	2.63305e-05	-8.73204e-06	-9.82702	-1.87	1.29493	1.45793	1.73361	
4	20	-0.000104959	0.00014049	-4.63517e-05	-3.1406e-05	4.08709e-05	-1.26048e-05	-10.5875	-1.587	1.37551	1.47598	1.72418	
4	21	0	0	0	-4.37943e-05	5.38009e-05	-1.60864e-05	-11.52	-1.22506	-10001	1.45662	1.71832	
4	22	0	0	0	-3.77605e-05	4.44442e-05	-1.2806e-05	-12.6227	-0.78487	-10001	1.53822	1.76065	
4	23	0	0	0	-3.51577e-05	3.99261e-05	-1.11689e-05	-14.6389	0.114623	-10001	1.62027	1.78462	
4	24	0	0	0	-2.11103e-06	3.15386e-07	5.95288e-07	-18.248	1.81715	-10001	1.70275	1.7616	
4	25	0	0	0	0	0	0	-24.0056	4.54282	-10001	-10001	1.78561	
4	26	0	0	0	0	0	0	-28.7829	6.68333	-10001	-10001	1.86884	
4	27	0	0	0	0	0	0	-38.3797	11.1265	-10001	-10001	1.9524	
4	28	0	0	0	0	0	0	0	0	-10001	-10001	-10001	
4	29	0	0	0	0	0	0	0	0	-10001	-10001	-10001	
4	30	0	0	0	0	0	0	0	0	-10001	-10001	-10001	
4	31	0	0	0	0	0	0	0	0	-10001	-10001	-10001	
4	32	0	0	0	0	0	0	0	0	-10001	-10001	-10001	
4	33	0	0	0	0	0	0	0	0	-10001	-10001	-10001	
4	34	0	0	0	0	0	0	0	0	-10001	-10001	-10001	
4	35	0	0	0	0	0	0	0	0	-10001	-10001	-10001	
5	1	-0.00507975	0.292295	-0.803669	0.0351808	-0.0716531	0.0389733	-2.73861	-3.93014	0.030556	0.215956	0.690847	
5	2	-0.00659703	0.157623	-0.395358	0.0152066	-0.028372	0.0135179	-3.46418	-3.90744	0.057943	0.227446	0.656216	
5	3	-0.00640088	0.0994327	-0.227136	0.00742169	-0.0118863	0.00409296	-4.0259	-3.87928	0.087604	0.240712	0.640508	
5	4	-0.00583932	0.0684729	-0.142502	0.00373156	-0.00433256	-2.83063e-05	-4.49435	-3.84874	0.119286	0.255504	0.633481	
5	5	-0.00522163	0.0497671	-0.0945226	0.00177343	-0.000520882	-0.00195053	-4.87538	-3.8485	0.152771	0.271616	0.612397	
5	6	-0.00463187	0.0374699	-0.0651134	0.00066134	0.00148645	-0.00282954	-5.24615	-3.81014	0.187871	0.288867	0.609894	
5	7	-0.00180734	0.0118921	-0.0148434	0.00136149	-0.00226603	0.000994256	-5.57858	-3.76355	0.224426	0.446978	0.934002	
5	8	-0.00180415	0.0103514	-0.0123484	0.000842451	-0.00125592	0.000472264	-5.85348	-3.75688	0.262297	0.452678	0.836028	
5	9	-0.00159396	0.00815529	-0.00909106	0.000499111	-0.000602612	0.000140419	-6.16796	-3.69514	0.301359	0.47435	0.82163	
5	10	-0.00140106	0.00648849	-0.00677612	0.000275387	-0.00020565	-4.37923e-05	-6.4975	-3.6094	0.341506	0.497164	0.824112	
5	11	-0.00135856	0.00582901	-0.00584554	6.72723e-05	0.000202144	-0.000255821	-6.76443	-3.56531	0.382644	0.503322	0.822881	
5	12	-0.00118615	0.00470307	-0.00443544	-6.09893e-05	0.000437196	-0.000372173	-7.0165	-3.53377	0.424689	0.524932	0.821204	
5	13	-0.000448814	0.00153753	-0.00118471	0.000158919	-0.000207068	6.94684e-05	-7.17431	-3.55361	0.467565	0.695518	1.10704	
5	14	-0.000437436	0.00140085	-0.00104034	9.79915e-05	-0.000109827	2.91589e-05	-7.43468	-3.49675	0.511207	0.70625	1.08416	
5	15	-0.000381463	0.00114369	-0.000807715	5.43354e-05	-4.19888e-05	1.66387e-06	-7.72179	-3.41773	0.555555	0.732463	1.07509	
5	16	-0.000367989	0.00104756	-0.000715345	1.42597e-05	2.17615e-05	-2.46355e-05	-7.98746	-3.35111	0.600557	0.742568	1.07385	
5	17	-0.000319414	0.000859653	-0.000559978	-1.2356e-05	6.21324e-05	-4.06618e-05	-8.18112	-3.33206	0.646163	0.767856	1.07892	
5	18	-0.000108615	0.000261188	-0.000145671	3.59378e-05	-4.06417e-05	1.18499e-05	-8.24798	-3.38677	0.69233	0.972333	1.47418	
5	19	-9.49274e-05	0.000216076	-0.000115583	2.5525e-05	-2.73647e-05	7.50405e-06	-8.49479	-3.32697	0.739019	0.988901	1.41754	
5	20	-9.17966e-05	0.000199565	-0.00010359	1.61999e-05	-1.53696e-05	3.54746e-06	-8.73123	-3.272	0.786195	1.00308	1.39782	
5	21	-7.97726e-05	0.000165459	-8.2606e-05	9.22339e-06	-6.60346e-06	7.16169e-07	-9.0085	-3.19207	0.833825	1.03252	1.39067	
5	22	-7.66088e-05	0.000153022	-7.43295e-05	1.56713e-06	3.54804e-06	-2.74354e-06	-9.30654	-3.10015	0.881879	1.04402	1.37327	
5	23	-7.33894e-05	0.000141652	-6.70187e-05	-4.20613e-06	1.08973e-05	-5.13654e-06	-9.57745	-3.02428	0.93033	1.05648	1.37733	
5	24	-6.35195e-05	0.000117845	-5.37954e-05	-7.97182e-06	1.54524e-05	-6.55515e-06	-9.92698	-2.90343	0.979154	1.08374	1.37709	
5	25	-1.48193e-05	2.48575e-05	-9.84518e-06	5.13045e-06	-4.76324e-06	1.13318e-06	-9.72574	-3.09375	1.02833	1.40152	1.78879	
5	26	-1.43799e-05	2.3193e-05	-8.94666e-06	3.6263e-06	-3.18436e-06	7.10579e-07	-10.005	-3.01418	1.07783	1.38909	1.7495	
5	27	-1.38742e-05	2.16118e-05	-8.13269e-06	2.21948e-06	-1.69088e-06	3.06116e-07	-10.295	-2.92998	1.12764	1.38068	1.72286	
5	28	-1.20797e-05	1.81574e-05	-6.62697e-06	1.33133e-06	-8.13333e-07	8.61124e-08	-10.5783	-2.84983	1.17774	1.41297	1.73679	
5	29	-1.15882e-05	1.69134e-05	-6.03501e-06	2.04767e-07	3.86372e-07	-2.39839e-07	-10.9436	-2.72767	1.22812	1.42593	1.72203	
5	30	-1.10916e-05	1.57555e-05	-5.5015e-06	-8.58041e-07	1.53051e-06	-5.54161e-07	-11.3295	-2.59733	1.27876	1.43764	1.71137	
5	31	-9.6276e-06	1.32606e-05	-4.50163e-06	-1.23389e-06	1.8383e-06	-6.12958e-07	-11.701	-2.47608	1.32964	1.46866	1.73022	
5	32	-9.19593e-06	1.23655e-05	-4.11377e-06	-2.09756e-06	2.76973e-06	-8.69257e-07	-12.2368	-2.27112	1.38076	1.47877	1.72044	
5	33	0	0	0	-3.3812e-06	4.23649e-06	-1.29449e-06	-12.8879	-2.00888	-10001	1.4321	1.70075	
5	34	0	0	0	-3.24456e-06	3.9631e-06	-1.1869e-06	-13.6176	-1.71317	-10001	1.48365	1.71602	
5	35	0	0	0	-2.82759e-06	3.35924e-06	-9.81114e-07	-14.3208	-1.4356	-10001	1.53539	1.74785	
6	1	-0.00158532	0.166299	-0.503124	0.0199557	-0.046187	0.0286834	-3.25432	-4.52747	0.020419	0.2	0.626319	
6	2	-0.00210195	0.0826278	-0.22519	0.00936043	-0.021133	0.0127645	-3.96529	-4.50779	0.038235	0.218026	0.644698	
6	3	-0.0022731	0.0535306	-0.139081	0.0050321	-0.0108253	0.00615501	-4.50256	-4.49342	0.057226	0.221556	0.642646	
6	4	-0.00221199	0.0381466	-0.094322	0.00288572	-0.00569829	0.00284094	-4.94678	-4.47214	0.077299	0.225626	0.623906	
6	5	-0.00187818	0.0259013	-0.0578845	0.00185492	-0.00354889	0.00170427	-5.32346	-4.45524	0.098369	0.247112	0.640317	
6	6	-0.00176466	0.0204349	-0.0434431	0.00111865	-0.00179878	0.000575181	-5.6559	-4.43529	0.120362	0.252551	0.628658	
6	7	-0.00164833	0.0166168	-0.033598	0.000638897	-0.000655112	-0.00016933	-5.93655	-4.44057	0.14321	0.258339	0.61365	
6	8	-0.00153676	0.0138191	-0.0265763	0.000312627	0.000123324	-0.000679827	-6.22389	-4.4028	0.166851	0.264433	0.608189	
6	9	-0.000149015	-0.000822154	0.00894657	8.36585e-05	0.000668416	-0.00103893	-6.5477	-4.30513	0.191231	0.244554	0.616567	
6	10	-0.000134383	-0.000465512	0.00535134	4.38808e-05	0.000521529	-0.000744164	-6.79385	-4.2754	0.216299	0.270174	0.641767	
6	11	-0.000467673	0.00287598	-0.00358151	0.000280833	-0.000500056	0.000233304	-6.9021	-4.36314	0.24201	0.44249	0.908719	
6	12	-0.000442113	0.00249202	-0.00297919	0.000204709	-0.000347285	0.000152984	-7.11613	-4.33664	0.268321	0.453249	1	
6	13	-0.000415882	0.00217295	-0.00249641	0.000144693	-0.000226581	8.93071e-05	-7.34166	-4.2896	0.295195	0.463998	0.834369	
6	14	-0.00038988	0.00190469	-0.00210491	9.68482e-05	-0.000130273	3.8399e-05	-7.57698	-4.23004	0.322596	0.474725	0.820962	
6	15	-0.000364643	0.00167695	-0.00178429	5.8381e-05	-5.2904e-05	-2.50818e-06	-7.79892	-4.17679	0.350493	0.485427	0.814796	
6	16	-0.000304141	0.00130714	-0.00131028	3.95757e-05	-2.42832e-05	-1.26698e-05	-8.02063	-4.11903	0.378856	0.51303	0.825311	
6	17	-0.000283814	0.00115842	-0.00112036	1.48441e-05	2.4597e-05	-3.808e-05	-8.24429	-4.0561	0.407658	0.523813	0.82193	
6	18	-0.000264544	0.00102948	-0.000961406	-5.38414e-06	6.43276e-05	-5.86136e-05	-8.35375	-4.0855	0.436874	0.534535	0.827728	
6	19	-2.88785e-05	1.27744e-05	0.000111476	-2.19537e-05	9.658e-05	-7.5133e-05	-8.53317	-4.05843	0.46648	0.520406	0.827606	
6	20	-9.14839e-05	0.00030001	-0.000227164	2.71908e-05	-3.75942e-05	1.33572e-05	-8.60833	-4.09375	0.496456	0.70182	1.1107	
6	21	-8.55372e-05	0.000267993	-0.000196738	1.97722e-05	-2.54643e-05	8.2432e-06	-8.80013	-4.04591	0.52678	0.715815	1.08405	
6	22	-7.97993e-05	0.000239685	-0.000170746	1.34745e-05	-1.52044e-05	3.93275e-06	-8.99516	-3.99421	0.557436	0.729596	1.07572	
6	23	-7.43179e-05	0.000214615	-0.000148478	8.12266e-06	-6.52754e-06	3.04876e-07	-9.19442	-3.93828	0.588405	0.743172	1.07186	
6	24	-6.91203e-05	0.00019238	-0.000129352	3.57306e-06	8.02788e-07	-2.74068e-06	-9.39895	-3.87776	0.619671	0.756553	1.07016	
6	25	-6.42199e-05	0.00017263	-0.000112886	-2.92535e-07	6.98266e-06	-5.28759e-06	-9.61072	-3.81127	0.651221	0.769748	1.06976	
6	26	-5.96195e-05	0.000155064	-9.86778e-05	-3.5725e-06	1.2176e-05	-7.40626e-06	-9.8242	-3.74998	0.683039	0.782763	1.06993	
6	27	-5.81964e-07	-1.05739e-05	1.63271e-05	-6.34918e-06	1.65208e-05	-9.15631e-06	-9.87248	-3.79182	0.715112	0.768892	1.08	
6	28	-1.6291e-05	3.68841e-05	-1.97513e-05	4.6465e-06	-5.4378e-06	1.63154e-06	-9.80217	-3.90459	0.747429	0.976011	1.4583	
6	29	-1.51971e-05	3.32622e-05	-1.73717e-05	3.59872e-06	-4.06545e-06	1.1731e-06	-9.97589	-3.86128	0.779978	1.00642	1.55	
6	30	-1.58721e-05	3.38484e-05	-1.74307e-05	2.46855e-06	-2.53857e-06	6.47621e-07	-10.1544	-3.81483	0.812748	1.00637	1.39048	
6	31	-1.47427e-05	3.05302e-05	-1.53559e-05	1.63487e-06	-1.4496e-06	2.84956e-07	-10.3345	-3.76758	0.84573	1.02231	1.38654	
6	32	-1.36798e-05	2.75493e-05	-1.35419e-05	9.09419e-07	-5.08419e-07	-2.63073e-08	-10.5251	-3.71374	0.878913	1.03797	1.38539	
6	33	-1.26835e-05	2.48711e-05	-1.19542e-05	1.12496e-07	5.8038e-07	-4.07183e-07	-10.7751	-3.62492	0.91229	1.05182	1.36748	
6	34	-1.17526e-05	2.24646e-05	-1.05633e-05	-4.49613e-07	1.30269e-06	-6.43769e-07	-10.993	-3.55519	0.94585	1.06668	1.36908	
6	35	-1.0885e-05	2.03018e-05	-9.34347e-06	-9.3493e-07	1.91953e-06	-8.43453e-07	-11.2237	-3.47825	0.979588	1.08131	1.37139	
7	1	-0.000493021	0.102422	-0.330811	0.0121013	-0.030377	0.0203521	-3.70161	-5.02736	0.014654	0.2	0.62596	
7	2	-0.000843977	0.0512519	-0.152902	0.00579723	-0.0142943	0.00938985	-4.39783	-5.01931	0.027204	0.201939	0.64176	
7	3	-0.00100458	0.0337772	-0.0988953	0.00324276	-0.00780008	0.00498877	-4.92647	-5.00623	0.040414	0.200114	0.64496	
7	4	-0.000895045	0.0219557	-0.0593814	0.00202155	-0.00476727	0.00298284	-5.35418	-4.99691	0.054246	0.214249	0.665767	
7	5	-0.000783019	0.0151583	-0.037979	0.00134335	-0.00310432	0.00189928	-5.71951	-4.98371	0.068662	0.22898	0.682785	
7	6	-0.000771801	0.0122826	-0.0300776	0.000895538	-0.00196195	0.00111945	-6.0344	-4.97112	0.083631	0.228299	0.602839	
7	7	-0.000669214	0.00912863	-0.0207503	0.000641588	-0.00137475	0.00076514	-6.31881	-4.95568	0.09912	0.24409	0.612012	
7	8	-0.000651215	0.0078323	-0.0173804	0.000432807	-0.000831905	0.00038504	-6.57445	-4.94209	0.115102	0.24385	0.615662	
7	9	-0.000631071	0.00685258	-0.0148392	0.000277467	-0.000414833	8.05213e-05	-6.7953	-4.949	0.13155	0.243551	0.603101	
7	10	-0.000549631	0.00538181	-0.0108459	0.000208339	-0.000300451	5.22998e-05	-7.01285	-4.93487	0.148439	0.260698	0.6176	
7	11	-0.000533203	0.0048397	-0.00951436	0.000117881	-5.10056e-05	-0.000135475	-7.26985	-4.85693	0.165747	0.26073	0.618206	
7	12	-0.000465428	0.00387353	-0.00711058	8.86051e-05	-3.01008e-05	-0.00010657	-7.4699	-4.83489	0.183452	0.278671	0.636676	
7	13	-9.03152e-05	0.000187658	0.00140556	3.10234e-05	0.0001328	-0.000232447	-7.68854	-4.78258	0.201535	0.25594	0.628441	
7	14	-0.000148322	0.00099753	-0.00130105	0.000111219	-0.000216574	0.00011022	-7.76843	-4.85968	0.219977	0.463618	0.857616	
7	15	-0.000147849	0.000922346	-0.00117361	8.87641e-05	-0.000169096	8.40587e-05	-7.93081	-4.84607	0.23876	0.421854	0.879771	
7	16	-0.00012838	0.000748485	-0.000907518	7.19333e-05	-0.000134803	6.59329e-05	-8.07458	-4.84547	0.257869	0.446085	0.885749	
7	17	-0.000126997	0.000697615	-0.000826178	5.68734e-05	-0.000103283	4.87691e-05	-8.26016	-4.79745	0.277288	0.457683	0.920382	
7	18	-0.000125094	0.000652227	-0.000754986	4.40617e-05	-7.64153e-05	3.41286e-05	-8.41701	-4.77312	0.297003	0.461683	0.842957	
7	19	-0.000108417	0.000534403	-0.000590809	3.52947e-05	-5.9247e-05	2.54014e-05	-8.59029	-4.73045	0.317001	0.481694	0.838752	
7	20	-0.000106441	0.000502257	-0.000543259	2.55762e-05	-3.84023e-05	1.37368e-05	-8.76547	-4.6826	0.337269	0.485336	0.816441	
7	21	-0.000104293	0.000473114	-0.000500912	1.78998e-05	-2.26403e-05	5.38428e-06	-8.90899	-4.65999	0.357794	0.489589	0.819727	
7	22	-9.02931e-05	0.000389989	-0.000395244	1.34847e-05	-1.47557e-05	1.78089e-06	-9.08414	-4.60685	0.378567	0.509723	0.822377	
7	23	-8.83338e-05	0.0003687	-0.000366064	6.81284e-06	-1.1336e-07	-6.61315e-06	-9.26329	-4.54815	0.399576	0.513023	0.810161	
7	24	-8.63395e-05	0.00034919	-0.000339763	6.5284e-07	1.36992e-05	-1.47134e-05	-9.44692	-4.48381	0.420812	0.516061	0.816646	
7	25	-2.7015e-05	9.77091e-05	-7.90307e-05	1.19102e-05	-1.85489e-05	7.44823e-06	-9.32414	-4.67167	0.442265	0.713491	1.11483	
7	26	-2.66876e-05	9.27779e-05	-7.35109e-05	9.98482e-06	-1.53283e-05	6.06894e-06	-9.47086	-4.63538	0.463927	0.656212	1.11475	
7	27	-2.62705e-05	8.81264e-05	-6.84547e-05	8.16977e-06	-1.2241e-05	4.72254e-06	-9.59509	-4.61471	0.485788	0.685783	1.14521	
7	28	-2.26831e-05	7.319e-05	-5.49453e-05	6.80274e-06	-1.0008e-05	3.78862e-06	-9.73767	-4.57976	0.507841	0.708262	1.15584	
7	29	-2.22553e-05	6.96045e-05	-5.12812e-05	5.39626e-06	-7.63211e-06	2.75998e-06	-9.88786	-4.53774	0.530079	0.714609	1.10388	
7	30	-2.17917e-05	6.62251e-05	-4.79106e-05	4.06921e-06	-5.35999e-06	1.76219e-06	-10.0421	-4.49189	0.552494	0.720566	1.07277	
7	31	-2.13048e-05	6.30436e-05	-4.48078e-05	2.98009e-06	-3.55467e-06	9.98804e-07	-10.1617	-4.47096	0.57508	0.726951	1.07615	
7	32	-1.8365e-05	5.25036e-05	-3.61331e-05	2.31817e-06	-2.55338e-06	6.12731e-07	-10.321	-4.42022	0.59783	0.749161	1.08	
7	33	-1.79279e-05	5.00348e-05	-3.38547e-05	1.31492e-06	-8.22529e-07	-1.53298e-07	-10.4864	-4.36452	0.620738	0.754529	1.06834	
7	34	-1.74865e-05	4.77099e-05	-3.17504e-05	3.58595e-07	8.48852e-07	-9.02945e-07	-10.6586	-4.30376	0.643798	0.759562	1.05852	
7	35	-1.70456e-05	4.55217e-05	-2.98055e-05	-2.82207e-07	1.85549e-06	-1.30022e-06	-10.7764	-4.28261	0.667006	0.765933	1.05205	
8	1	-0.000113861	0.0670184	-0.227065	0.00775356	-0.0205956	0.014504	-4.09014	-5.46662	0.011049	0.2	0.629204	
8	2	-0.00035767	0.0336746	-0.107188	0.00376479	-0.00986474	0.00684448	-4.7795	-5.46194	0.020388	0.20806	0.639698	
8	3	-0.00038786	0.0199757	-0.05981	0.00216248	-0.00558722	0.00381781	-5.30339	-5.4519	0.030124	0.217311	0.649902	
8	4	-0.00044173	0.0147232	-0.0440538	0.00137256	-0.0035077	0.00237506	-5.72409	-5.44214	0.040238	0.2	0.638402	
8	5	-0.000394385	0.0102802	-0.0289147	0.00092847	-0.002337	0.00155627	-6.0773	-5.43639	0.050715	0.207036	0.650914	
8	6	-0.000349691	0.00749768	-0.0198583	0.000657508	-0.00162955	0.00106696	-6.38735	-5.42565	0.061537	0.218091	0.66256	
8	7	-0.000354465	0.00639419	-0.0168647	0.000469164	-0.00112589	0.000710099	-6.66114	-5.41379	0.07269	0.213945	0.697446	
8	8	-0.000313286	0.00494231	-0.0122795	0.000352251	-0.000831427	0.000514899	-6.9053	-5.40691	0.084159	0.225635	0.714155	
8	9	-0.000277417	0.0038903	-0.00912281	0.00026991	-0.000626477	0.000380893	-7.13141	-5.39528	0.095932	0.237632	0.730957	
8	10	-0.000278046	0.00353444	-0.00823421	0.000196567	-0.000424242	0.000232252	-7.34127	-5.38159	0.107995	0.233786	0.6	
8	11	-0.000247121	0.00286071	-0.00629631	0.000154767	-0.000327979	0.000175896	-7.50529	-5.40754	0.120336	0.246337	0.6	
8	12	-0.000247137	0.00266425	-0.00582073	0.00010806	-0.000193295	7.1801e-05	-7.70036	-5.38213	0.132945	0.242472	0.601126	
8	13	-0.000220422	0.00219653	-0.00453931	8.63829e-05	-0.000151093	5.43359e-05	-7.87503	-5.36403	0.14581	0.255529	0.612201	
8	14	-0.000196706	0.00182181	-0.00356825	6.95864e-05	-0.000118982	4.13849e-05	-8.05139	-5.33408	0.158921	0.268834	0.62867	
8	15	-0.000197195	0.00173835	-0.0033756	4.32841e-05	-4.03232e-05	-2.14876e-05	-8.24715	-5.27798	0.172269	0.265148	0.625784	
8	16	-0.000176354	0.00145729	-0.0026858	3.48588e-05	-3.06036e-05	-1.83638e-05	-8.39982	-5.26082	0.185844	0.278899	0.639421	
8	17	-2.2813e-05	-3.72035e-05	0.0007941	1.50007e-05	3.14752e-05	-7.00982e-05	-8.57756	-5.21019	0.199639	0.252655	0.626944	
8	18	-2.10188e-05	-1.98001e-05	0.000578704	1.15866e-05	2.78924e-05	-5.74655e-05	-8.72029	-5.19208	0.213644	0.266957	0.641019	
8	19	-4.96928e-05	0.000324808	-0.000419484	3.52452e-05	-7.07757e-05	3.69194e-05	-8.74233	-5.28976	0.227853	0.474685	0.862985	
8	20	-5.12852e-05	0.000316738	-0.000403548	3.0171e-05	-6.02046e-05	3.12535e-05	-8.85208	-5.29505	0.242257	0.410003	0.857431	
8	21	-4.57032e-05	0.000268145	-0.000329212	2.541e-05	-4.98957e-05	2.54642e-05	-8.97518	-5.28138	0.256849	0.471136	0.873122	
8	22	-4.68342e-05	0.00026263	-0.000318376	2.13696e-05	-4.12755e-05	2.0716e-05	-9.13304	-5.23157	0.271623	0.448117	0.870213	
8	23	-4.17029e-05	0.00022327	-0.00026106	1.80746e-05	-3.43412e-05	1.69364e-05	-9.25291	-5.21538	0.286573	0.463335	0.886183	
8	24	-4.25377e-05	0.000219464	-0.000253553	1.4766e-05	-2.71119e-05	1.28491e-05	-9.39386	-5.17766	0.301692	0.462788	0.954746	
8	25	-3.78564e-05	0.000187178	-0.000208775	1.25213e-05	-2.26033e-05	1.05193e-05	-9.50918	-5.16074	0.316974	0.478309	0.977782	
8	26	-3.84957e-05	0.00018454	-0.000203498	9.74921e-06	-1.64061e-05	6.93125e-06	-9.6527	-5.11602	0.332415	0.477467	0.812842	
8	27	-3.42446e-05	0.000157792	-0.000168138	8.27115e-06	-1.36695e-05	5.6612e-06	-9.76416	-5.0988	0.348008	0.493273	0.828487	
8	28	-3.47511e-05	0.000155965	-0.000164386	5.90481e-06	-8.26623e-06	2.46689e-06	-9.91014	-5.04844	0.363748	0.492145	0.805799	
8	29	-3.09014e-05	0.000133627	-0.000136216	4.99427e-06	-6.83824e-06	1.97724e-06	-10.0185	-5.03098	0.379632	0.508217	0.821908	
8	30	-3.13159e-05	0.000132373	-0.000133525	2.9433e-06	-2.06525e-06	-8.95025e-07	-10.1682	-4.97462	0.395653	0.506816	0.815027	
8	31	-3.17087e-05	0.000131295	-0.000131087	1.34359e-06	1.4338e-06	-2.85194e-06	-10.2743	-4.95686	0.411808	0.50634	0.838671	
8	32	-2.81847e-05	0.000112748	-0.000108975	6.5722e-07	2.64929e-06	-3.40977e-06	-10.4289	-4.89419	0.428093	0.52147	0.826437	
8	33	-7.21221e-06	1.91852e-05	-6.17874e-06	-6.61647e-07	5.5179e-06	-4.99835e-06	-10.533	-4.8763	0.444503	0.500963	0.844339	
8	34	-8.65339e-06	3.03484e-05	-2.43357e-05	3.24393e-06	-5.18491e-06	2.12942e-06	-10.3791	-5.07142	0.461034	0.704904	1.10295	
8	35	-7.68292e-06	2.61185e-05	-2.03929e-05	2.7982e-06	-4.40809e-06	1.78329e-06	-10.4745	-5.05601	0.477684	0.72132	1.11999	
9	1	0.000171123	0.0406962	-0.133985	0.0050392	-0.0136807	0.00973374	-4.43954	-5.85303	0.008639	0.232951	0.656547	
9	2	-0.000151897	0.0231657	-0.0774205	0.00254676	-0.00697825	0.00503307	-5.12411	-5.84701	0.015871	0.208948	0.635887	
9	3	-0.000186665	0.0137988	-0.0438842	0.00147757	-0.00400404	0.00285365	-5.63909	-5.84442	0.023354	0.216243	0.644012	
9	4	-0.000185197	0.00907004	-0.0274724	0.000947227	-0.002538	0.00178693	-6.0573	-5.83655	0.031081	0.223771	0.651987	
9	5	-0.000173196	0.00635881	-0.01836	0.000648536	-0.00171777	0.00119453	-6.40874	-5.82854	0.039043	0.231525	0.660211	
9	6	-0.000190201	0.00530844	-0.015485	0.000470599	-0.00124425	0.000866564	-6.71056	-5.82109	0.04723	0.200369	0.643483	
9	7	-0.000170814	0.00403407	-0.0112089	0.000349267	-0.000912181	0.00062691	-6.9752	-5.81732	0.055636	0.208953	0.6532	
9	8	-0.000153431	0.00314359	-0.00832933	0.000266186	-0.000686606	0.000465582	-7.21652	-5.80878	0.064252	0.217751	0.662325	
9	9	-0.000159166	0.0028509	-0.00761519	0.000204226	-0.000517023	0.000343953	-7.43528	-5.79949	0.073071	0.211576	0.662016	
9	10	-0.000143099	0.00230591	-0.00587205	0.000161533	-0.000403603	0.00026469	-7.63363	-5.79515	0.082087	0.220762	0.673018	
9	11	-0.000128922	0.00188859	-0.00459065	0.000129555	-0.000319442	0.000206502	-7.82066	-5.78606	0.091293	0.23014	0.683897	
9	12	-0.000132359	0.00178869	-0.00437504	9.97809e-05	-0.000234017	0.000141784	-7.99656	-5.77512	0.100682	0.223908	0.8	
9	13	-0.000119691	0.00149547	-0.0034918	8.16281e-05	-0.000188765	0.000112611	-8.13236	-5.80244	0.110249	0.233635	0.6	
9	14	-0.00010838	0.00125911	-0.00281009	6.73365e-05	-0.000153525	9.01753e-05	-8.28923	-5.7905	0.119988	0.243535	0.6	
9	15	-9.8244e-05	0.00106641	-0.00227774	5.59469e-05	-0.000125754	7.27195e-05	-8.43789	-5.7788	0.129894	0.253603	0.607258	
9	16	-0.00010093	0.00104381	-0.00223785	4.16391e-05	-8.27035e-05	3.85248e-05	-8.60067	-5.74154	0.13996	0.247437	0.605069	
9	17	-9.17332e-05	0.000893665	-0.00183427	3.48838e-05	-6.81761e-05	3.11489e-05	-8.74942	-5.7146	0.150183	0.257809	0.620641	
9	18	-9.41564e-05	0.000884269	-0.00182102	2.33815e-05	-3.13591e-05	6.93093e-08	-8.90746	-5.6728	0.160557	0.251395	0.613405	
9	19	-8.57666e-05	0.000763207	-0.00150544	1.96115e-05	-2.55864e-05	-4.04204e-07	-9.03508	-5.65902	0.171078	0.262051	0.624108	
9	20	-7.81335e-05	0.000660434	-0.00124934	1.65062e-05	-2.0933e-05	-7.22836e-07	-9.15808	-5.64527	0.18174	0.272848	0.634828	
9	21	-5.72783e-06	-6.12767e-05	0.00048721	8.20053e-06	6.91776e-06	-2.51556e-05	-9.30906	-5.59589	0.192541	0.244349	0.61988	
9	22	-6.70691e-06	-3.6974e-05	0.000354767	6.75597e-06	6.57357e-06	-2.14045e-05	-9.42558	-5.58137	0.203476	0.25572	0.630877	
9	23	-5.14385e-06	-3.85249e-05	0.000299857	5.56921e-06	6.19381e-06	-1.82605e-05	-9.53857	-5.56701	0.21454	0.266797	0.641944	
9	24	-2.01194e-05	0.000133066	-0.000174361	1.40858e-05	-2.91758e-05	1.56283e-05	-9.5254	-5.67846	0.225731	0.474623	0.858965	
9	25	-2.13558e-05	0.00013481	-0.000175589	1.23984e-05	-2.54837e-05	1.35411e-05	-9.6236	-5.67172	0.237044	0.457034	0.868883	
9	26	-1.94064e-05	0.000117541	-0.000148609	1.09625e-05	-2.24491e-05	1.19051e-05	-9.71689	-5.66786	0.248476	0.467021	0.858638	
9	27	-2.04489e-05	0.000119389	-0.000150173	9.53997e-06	-1.92873e-05	1.00912e-05	-9.8264	-5.64529	0.260024	0.440625	0.869121	
9	28	-1.8572e-05	0.000104396	-0.000127523	8.40673e-06	-1.68819e-05	8.78399e-06	-9.94407	-5.61398	0.271685	0.444871	0.857982	
9	29	-1.68647e-05	9.1389e-05	-0.000108474	7.33608e-06	-1.45408e-05	7.46224e-06	-10.0399	-5.60086	0.283454	0.456846	0.870168	
9	30	-1.76807e-05	9.31556e-05	-0.000110064	6.27466e-06	-1.21721e-05	6.10142e-06	-10.1323	-5.58943	0.29533	0.453351	0.891977	
9	31	-1.60499e-05	8.17216e-05	-9.38631e-05	5.49666e-06	-1.05353e-05	5.21621e-06	-10.2503	-5.55252	0.307309	0.465571	0.89293	
9	32	-1.4567e-05	7.17503e-05	-8.01573e-05	4.8105e-06	-9.09818e-06	4.44153e-06	-10.3414	-5.53914	0.319389	0.477835	0.90701	
9	33	-1.52227e-05	7.33452e-05	-8.15958e-05	3.94707e-06	-7.12484e-06	3.28082e-06	-10.4626	-5.49649	0.331567	0.474041	0.816324	
9	34	-1.38127e-05	6.44974e-05	-6.98216e-05	3.45528e-06	-6.15139e-06	2.79085e-06	-10.5514	-5.4829	0.34384	0.486478	0.828443	
9	35	-1.44045e-05	6.60404e-05	-7.12201e-05	2.72803e-06	-4.50244e-06	1.8335e-06	-10.6391	-5.46915	0.356206	0.482815	0.816166	
10	1	0.000175804	0.0288299	-0.0976324	0.00347184	-0.00969875	0.00706157	-4.74966	-6.20049	0.006945	0.232746	0.655696	
10	2	-5.93122e-05	0.0165399	-0.0574229	0.00178347	-0.00505774	0.00375536	-5.43107	-6.19596	0.012717	0.208695	0.63318	
10	3	-9.14189e-05	0.00987945	-0.0329199	0.00104217	-0.00292905	0.00215403	-5.94676	-6.18981	0.018657	0.214534	0.639255	
10	4	-9.68619e-05	0.00651748	-0.0208557	0.000673208	-0.00187485	0.00136536	-6.35743	-6.18872	0.024759	0.220532	0.645771	
10	5	-9.37071e-05	0.00458981	-0.0141129	0.000464645	-0.00128203	0.000924417	-6.70531	-6.1825	0.031019	0.226685	0.652115	
10	6	-8.77329e-05	0.00338453	-0.0100059	0.000336102	-0.000918643	0.000655758	-7.00566	-6.17624	0.037433	0.232987	0.658577	
10	7	-9.86592e-05	0.00295555	-0.00891341	0.000257309	-0.000707202	0.000509713	-7.26749	-6.17002	0.043995	0.2	0.639122	
10	8	-8.96081e-05	0.00231871	-0.00671689	0.00019796	-0.000538673	0.000384101	-7.50086	-6.16822	0.050702	0.201196	0.646408	
10	9	-8.1456e-05	0.00185654	-0.00516981	0.000155588	-0.000419112	0.000295625	-7.71603	-6.16144	0.05755	0.208186	0.653522	
10	10	-7.41506e-05	0.00151101	-0.00404779	0.00012442	-0.000331749	0.000231457	-7.91328	-6.15457	0.064534	0.215314	0.660781	
10	11	-7.85633e-05	0.00143116	-0.00390063	0.000100576	-0.000265809	0.000184183	-8.09504	-6.14709	0.071651	0.207717	0.649254	
10	12	-7.16271e-05	0.00119563	-0.00313308	8.25263e-05	-0.000215782	0.000147801	-8.26488	-6.13993	0.078897	0.215097	0.657235	
10	13	-6.54286e-05	0.00100807	-0.00254191	6.84053e-05	-0.000176941	0.000119797	-8.42056	-6.13721	0.086269	0.222604	0.665655	
10	14	-5.98662e-05	0.000856561	-0.00208007	5.71951e-05	-0.000146347	9.79327e-05	-8.5705	-6.12989	0.093764	0.230236	0.673833	
10	15	-6.27952e-05	0.000844194	-0.00208083	4.62791e-05	-0.000114355	7.34181e-05	-8.71369	-6.12077	0.101377	0.222479	0.719919	
10	16	-5.76283e-05	0.000727271	-0.00172588	3.92e-05	-9.57667e-05	6.073e-05	-8.82256	-6.14718	0.109107	0.230335	0.731427	
10	17	-5.29438e-05	0.00062957	-0.00143965	3.33942e-05	-8.06563e-05	5.05185e-05	-8.95359	-6.13653	0.116949	0.238304	0.742222	
10	18	-4.8685e-05	0.000547289	-0.00120695	2.85925e-05	-6.82713e-05	4.22338e-05	-9.078	-6.12694	0.124902	0.246385	0.75336	
10	19	-5.10039e-05	0.000552116	-0.00123334	2.22676e-05	-4.84899e-05	2.60521e-05	-9.22853	-6.0793	0.132961	0.238452	0.6	
10	20	-4.70113e-05	0.000483884	-0.00104234	1.91846e-05	-4.12592e-05	2.18598e-05	-9.34672	-6.06682	0.141125	0.246732	0.60655	
10	21	-4.3352e-05	0.000425253	-0.000884094	1.65871e-05	-3.52299e-05	1.84057e-05	-9.4577	-6.05766	0.149391	0.255115	0.61512	
10	22	-3.9993e-05	0.000374639	-0.000752317	1.4387e-05	-3.01766e-05	1.55455e-05	-9.56597	-6.04699	0.157757	0.263599	0.623922	
10	23	-4.19463e-05	0.000383728	-0.000779131	1.01513e-05	-1.61553e-05	3.49283e-06	-9.69786	-6.00584	0.166219	0.255476	0.618158	
10	24	-3.87605e-05	0.000339797	-0.000666437	8.80665e-06	-1.37702e-05	2.84702e-06	-9.80059	-5.99439	0.174775	0.264139	0.626869	
10	25	-3.58205e-05	0.000301392	-0.000571444	7.65733e-06	-1.17612e-05	2.31957e-06	-9.90017	-5.98314	0.183424	0.272894	0.635575	
10	26	-2.19832e-06	-3.223e-05	0.000232857	4.15337e-06	4.96542e-07	-8.72007e-06	-10.0301	-5.93438	0.192163	0.243464	0.619275	
10	27	-1.0931e-05	8.06073e-05	-0.000113966	8.16965e-06	-1.75772e-05	9.73031e-06	-10.0077	-6.04849	0.200989	0.45252	0.857343	
10	28	-1.00927e-05	7.15368e-05	-9.86216e-05	7.22431e-06	-1.53872e-05	8.42893e-06	-10.0959	-6.04041	0.209901	0.461379	0.866475	
10	29	-9.31757e-06	6.35738e-05	-8.54937e-05	6.56979e-06	-1.40166e-05	7.70716e-06	-10.183	-6.03125	0.218897	0.469199	0.850756	
10	30	-8.60084e-06	5.65673e-05	-7.42344e-05	5.82924e-06	-1.23103e-05	6.69716e-06	-10.2674	-6.02306	0.227974	0.478221	0.860059	
10	31	-9.33653e-06	5.90765e-05	-7.74765e-05	5.29792e-06	-1.11484e-05	6.0419e-06	-10.326	-6.03931	0.237131	0.459466	0.868146	
10	32	-8.61119e-06	5.26888e-05	-6.74443e-05	4.81659e-06	-1.01352e-05	5.50353e-06	-10.4354	-6.00288	0.246366	0.467355	0.852148	
10	33	-7.94147e-06	4.70359e-05	-5.87887e-05	4.29011e-06	-8.93363e-06	4.79834e-06	-10.5171	-5.99247	0.255678	0.476565	0.861477	
10	34	-8.55359e-06	4.92366e-05	-6.15485e-05	3.85602e-06	-7.96656e-06	4.24388e-06	-10.5967	-5.98275	0.265063	0.415551	0.869646	
10	35	-7.88495e-06	4.40334e-05	-5.37572e-05	3.49568e-06	-7.20374e-06	3.83418e-06	-10.6956	-5.95343	0.274522	0.428489	0.855259	

