2	1	-1.06486	-4.32502	0	-1.35449	-3.85382	-3.35892	-2.28367	0.363213	0.614658	1.27659	
2	2	0	0	0	-1.55438	-3.34603	-2.15997	-2.84679	-10001	0.698174	1.21304	
2	3	0	0	0	-1.97771	-2.89502	-2.36429	-2.58857	-10001	1.05257	1.26146	
2	4	0	0	0	0	0	-2.76633	-2.30213	-10001	-10001	1.41797	
2	5	0	0	0	0	0	-3.21404	-2.0441	-10001	-10001	1.79032	
2	6	0	0	0	0	0	0	0	-10001	-10001	-10001	
2	7	0	0	0	0	0	0	0	-10001	-10001	-10001	
2	8	0	0	0	0	0	0	0	-10001	-10001	-10001	
2	9	0	0	0	0	0	0	0	-10001	-10001	-10001	
2	10	0	0	0	0	0	0	0	-10001	-10001	-10001	
2	11	0	0	0	0	0	0	0	-10001	-10001	-10001	
2	12	0	0	0	0	0	0	0	-10001	-10001	-10001	
2	13	0	0	0	0	0	0	0	-10001	-10001	-10001	
2	14	0	0	0	0	0	0	0	-10001	-10001	-10001	
2	15	0	0	0	0	0	0	0	-10001	-10001	-10001	
2	16	0	0	0	0	0	0	0	-10001	-10001	-10001	
2	17	0	0	0	0	0	0	0	-10001	-10001	-10001	
2	18	0	0	0	0	0	0	0	-10001	-10001	-10001	
2	19	0	0	0	0	0	0	0	-10001	-10001	-10001	
2	20	0	0	0	0	0	0	0	-10001	-10001	-10001	
2	21	0	0	0	0	0	0	0	-10001	-10001	-10001	
2	22	0	0	0	0	0	0	0	-10001	-10001	-10001	
2	23	0	0	0	0	0	0	0	-10001	-10001	-10001	
2	24	0	0	0	0	0	0	0	-10001	-10001	-10001	
2	25	0	0	0	0	0	0	0	-10001	-10001	-10001	
2	26	0	0	0	0	0	0	0	-10001	-10001	-10001	
2	27	0	0	0	0	0	0	0	-10001	-10001	-10001	
2	28	0	0	0	0	0	0	0	-10001	-10001	-10001	
2	29	0	0	0	0	0	0	0	-10001	-10001	-10001	
2	30	0	0	0	0	0	0	0	-10001	-10001	-10001	
2	31	0	0	0	0	0	0	0	-10001	-10001	-10001	
2	32	0	0	0	0	0	0	0	-10001	-10001	-10001	
2	33	0	0	0	0	0	0	0	-10001	-10001	-10001	
2	34	0	0	0	0	0	0	0	-10001	-10001	-10001	
2	35	0	0	0	0	0	0	0	-10001	-10001	-10001	
3	1	-3.12513	-4.71948	0	-3.55693	-3.9995	-4.26556	-3.40264	0.105389	0.599735	1.18726	
3	2	-3.19229	-4.63561	0	-3.63547	-3.91114	-4.36562	-3.30206	0.207833	0.611726	1.19878	
3	3	-3.39852	-4.49937	0	-3.79834	-3.86325	-4.55111	-3.23233	0.321569	0.62853	1.19313	
3	4	-3.62925	-4.35093	0	-3.97789	-3.81756	-4.74693	-3.17445	0.443596	0.653656	1.1958	
3	5	0	0	0	-4.09819	-3.83422	-4.91422	-3.13672	-10001	0.571923	1.16993	
3	6	0	0	0	-4.35894	-3.70054	-5.09532	-3.09111	-10001	0.705166	1.2083	
3	7	0	0	0	-4.59253	-3.59196	-5.23129	-3.07163	-10001	0.842329	1.22762	
3	8	0	0	0	-4.82926	-3.47763	-5.38251	-3.04149	-10001	0.982674	1.26851	
3	9	0	0	0	-5.03972	-3.3861	-5.51701	-3.01617	-10001	1.12564	1.29021	
3	10	0	0	0	0	0	-5.6787	-2.97589	-10001	-10001	1.2708	
3	11	0	0	0	0	0	-5.89917	-2.89926	-10001	-10001	1.4178	
3	12	0	0	0	0	0	-6.11083	-2.82841	-10001	-10001	1.56638	
3	13	0	0	0	0	0	-6.31363	-2.76192	-10001	-10001	1.71631	
3	14	0	0	0	0	0	-6.50882	-2.69925	-10001	-10001	1.86741	
3	15	0	0	0	0	0	0	0	-10001	-10001	-10001	
3	16	0	0	0	0	0	0	0	-10001	-10001	-10001	
3	17	0	0	0	0	0	0	0	-10001	-10001	-10001	
3	18	0	0	0	0	0	0	0	-10001	-10001	-10001	
3	19	0	0	0	0	0	0	0	-10001	-10001	-10001	
3	20	0	0	0	0	0	0	0	-10001	-10001	-10001	
3	21	0	0	0	0	0	0	0	-10001	-10001	-10001	
3	22	0	0	0	0	0	0	0	-10001	-10001	-10001	
3	23	0	0	0	0	0	0	0	-10001	-10001	-10001	
3	24	0	0	0	0	0	0	0	-10001	-10001	-10001	
3	25	0	0	0	0	0	0	0	-10001	-10001	-10001	
3	26	0	0	0	0	0	0	0	-10001	-10001	-10001	
3	27	0	0	0	0	0	0	0	-10001	-10001	-10001	
3	28	0	0	0	0	0	0	0	-10001	-10001	-10001	
3	29	0	0	0	0	0	0	0	-10001	-10001	-10001	
3	30	0	0	0	0	0	0	0	-10001	-10001	-10001	
3	31	0	0	0	0	0	0	0	-10001	-10001	-10001	
3	32	0	0	0	0	0	0	0	-10001	-10001	-10001	
3	33	0	0	0	0	0	0	0	-10001	-10001	-10001	
3	34	0	0	0	0	0	0	0	-10001	-10001	-10001	
3	35	0	0	0	0	0	0	0	-10001	-10001	-10001	
4	1	0.0092981	-0.0319958	0.0164839	-4.60536	-4.98399	-5.56534	-3.96753	0.05119	0.179352	0.944437	
4	2	-0.00507038	0.222091	-1.09821	-4.63002	-4.97214	-5.62527	-3.92921	0.098845	0.133139	0.954282	
4	3	0	0	0	-4.76719	-4.97113	-5.76682	-3.91481	-10001	0.151366	0.946334	
4	4	0	0	0	-4.94943	-4.92275	-5.92553	-3.9	-10001	0.207939	0.954389	
4	5	0	0	0	-5.13884	-4.85734	-6.08224	-3.88468	-10001	0.26793	0.969908	
4	6	0	0	0	-5.32491	-4.78885	-6.23255	-3.86879	-10001	0.330831	0.986502	
4	7	0	0	0	-5.50547	-4.71867	-6.37581	-3.85236	-10001	0.396233	1.00465	
4	8	0	0	0	-5.66997	-4.66632	-6.4865	-3.85004	-10001	0.463802	1.00031	
4	9	0	0	0	-5.83554	-4.59509	-6.60511	-3.84308	-10001	0.533262	1.02335	
4	10	0	0	0	-5.99642	-4.52682	-6.73029	-3.82511	-10001	0.604383	1.04582	
4	11	0	0	0	-6.1385	-4.47801	-6.8247	-3.82143	-10001	0.676972	1.0451	
4	12	0	0	0	-6.28832	-4.41315	-6.92893	-3.81317	-10001	0.750864	1.06771	
4	13	0	0	0	-6.41822	-4.36751	-7.0153	-3.80873	-10001	0.82592	1.06855	
4	14	0	0	0	-6.55895	-4.30585	-7.1124	-3.79973	-10001	0.902018	1.0935	
4	15	0	0	0	0	0	-7.16577	-3.80964	-10001	-10001	0.979054	
4	16	0	0	0	0	0	-7.3096	-3.77035	-10001	-10001	1.05694	
4	17	0	0	0	0	0	-7.44537	-3.73084	-10001	-10001	1.13559	
4	18	0	0	0	0	0	-7.59231	-3.68372	-10001	-10001	1.21494	
4	19	0	0	0	0	0	-7.72137	-3.64827	-10001	-10001	1.29493	
4	20	0	0	0	0	0	-7.84611	-3.61396	-10001	-10001	1.37551	
4	21	0	0	0	0	0	-7.98266	-3.57066	-10001	-10001	1.45662	
4	22	0	0	0	0	0	-8.10048	-3.53854	-10001	-10001	1.53822	
4	23	0	0	0	0	0	-8.21467	-3.50728	-10001	-10001	1.62027	
4	24	0	0	0	0	0	-8.32587	-3.47697	-10001	-10001	1.70275	
4	25	0	0	0	0	0	-8.45212	-3.43781	-10001	-10001	1.78561	
4	26	0	0	0	0	0	-8.55839	-3.40922	-10001	-10001	1.86884	
4	27	0	0	0	0	0	-8.66228	-3.3814	-10001	-10001	1.9524	
4	28	0	0	0	0	0	0	0	-10001	-10001	-10001	
4	29	0	0	0	0	0	0	0	-10001	-10001	-10001	
4	30	0	0	0	0	0	0	0	-10001	-10001	-10001	
4	31	0	0	0	0	0	0	0	-10001	-10001	-10001	
4	32	0	0	0	0	0	0	0	-10001	-10001	-10001	
4	33	0	0	0	0	0	0	0	-10001	-10001	-10001	
4	34	0	0	0	0	0	0	0	-10001	-10001	-10001	
4	35	0	0	0	0	0	0	0	-10001	-10001	-10001	
5	1	0.00297739	-0.0084599	-0.00919778	-5.66912	-5.4644	-6.64739	-4.45531	0.030556	0.142942	0.969445	
5	2	0.00309186	-0.0117742	0.00932944	-5.69067	-5.45454	-6.66161	-4.44913	0.057943	0.18	0.965716	
5	3	0.00279868	-0.0116709	0.0135217	-5.82003	-5.4515	-6.79431	-4.44179	0.087604	0.18	0.964912	
5	4	0	0	0	-5.9511	-5.45439	-6.94436	-4.43342	-10001	0.119286	0.97286	
5	5	0	0	0	-6.09759	-5.45191	-7.09246	-4.42413	-10001	0.152771	0.96798	
5	6	0	0	0	-6.24395	-5.43176	-7.23416	-4.414	-10001	0.187871	0.97293	
5	7	0	0	0	-6.38238	-5.41774	-7.34277	-4.41754	-10001	0.224426	0.960191	
5	8	0	0	0	-6.52162	-5.38132	-7.45875	-4.41659	-10001	0.262297	0.971386	
5	9	0	0	0	-6.65695	-5.34101	-7.57779	-4.4024	-10001	0.301359	0.981052	
5	10	0	0	0	-6.78085	-5.31607	-7.67088	-4.40598	-10001	0.341506	0.977966	
5	11	0	0	0	-6.90782	-5.27217	-7.76775	-4.40127	-10001	0.382644	0.987399	
5	12	0	0	0	-7.02901	-5.22477	-7.87509	-4.38729	-10001	0.424689	1.01027	
5	13	0	0	0	-7.13892	-5.19763	-7.95278	-4.38745	-10001	0.467565	1.00454	
5	14	0	0	0	-7.25499	-5.15257	-8.04106	-4.38326	-10001	0.511207	1.02178	
5	15	0	0	0	-7.35678	-5.12648	-8.11241	-4.3826	-10001	0.555555	1.01579	
5	16	0	0	0	-7.4668	-5.08097	-8.19501	-4.37763	-10001	0.600557	1.03536	
5	17	0	0	0	-7.5616	-5.05458	-8.26122	-4.37626	-10001	0.646163	1.03138	
5	18	0	0	0	-7.66665	-5.0109	-8.33917	-4.37063	-10001	0.69233	1.05038	
5	19	0	0	0	-7.75525	-4.98521	-8.40114	-4.36863	-10001	0.739019	1.04753	
5	20	0	0	0	-7.85579	-4.94243	-8.4752	-4.36243	-10001	0.786195	1.06795	
5	21	0	0	0	-7.93949	-4.91766	-8.52151	-4.3706	-10001	0.833825	1.06391	
5	22	0	0	0	-8.02069	-4.89331	-8.57828	-4.36781	-10001	0.881879	1.06107	
5	23	0	0	0	-8.1159	-4.85201	-8.64761	-4.36084	-10001	0.93033	1.08254	
5	24	0	0	0	0	0	-8.67514	-4.37242	-10001	-10001	0.979154	
5	25	0	0	0	0	0	-8.76825	-4.35022	-10001	-10001	1.02833	
5	26	0	0	0	0	0	-8.85889	-4.32849	-10001	-10001	1.07783	
5	27	0	0	0	0	0	-8.96034	-4.2966	-10001	-10001	1.12764	
5	28	0	0	0	0	0	-9.04687	-4.27576	-10001	-10001	1.17774	
5	29	0	0	0	0	0	-9.13127	-4.25533	-10001	-10001	1.22812	
5	30	0	0	0	0	0	-9.22802	-4.22491	-10001	-10001	1.27876	
5	31	0	0	0	0	0	-9.30888	-4.20526	-10001	-10001	1.32964	
5	32	0	0	0	0	0	-9.38788	-4.18597	-10001	-10001	1.38076	
5	33	0	0	0	0	0	-9.46534	-4.1671	-10001	-10001	1.4321	
5	34	0	0	0	0	0	-9.55737	-4.13857	-10001	-10001	1.48365	
5	35	0	0	0	0	0	-9.63112	-4.12006	-10001	-10001	1.53539	
6	1	0.00121855	-0.00365334	-0.00306274	-6.53685	-5.90228	-7.49324	-4.90867	0.020419	0.153488	0.962543	
6	2	0.00124592	-0.00427547	-0.00027275	-6.54033	-5.89429	-7.5219	-4.89016	0.038235	0.152298	0.977533	
6	3	0.00114311	-0.00463405	0.00411689	-6.66564	-5.89413	-7.63098	-4.89582	0.057226	0.18	0.966977	
6	4	0.00101521	-0.0043379	0.00475617	-6.79839	-5.90067	-7.76897	-4.8901	0.077299	0.18	0.960431	
6	5	0.000437185	0.00433374	-0.0317888	-6.93229	-5.89048	-7.91873	-4.88005	0.098369	0.136375	0.976255	
6	6	0	0	0	-7.05005	-5.88125	-8.036	-4.88377	-10001	0.120362	0.988446	
6	7	0	0	0	-7.16881	-5.89114	-8.14597	-4.88696	-10001	0.14321	0.973096	
6	8	0	0	0	-7.2856	-5.89638	-8.26096	-4.87892	-10001	0.166851	0.958618	
6	9	0	0	0	-7.3964	-5.88902	-8.35783	-4.88113	-10001	0.191231	0.953897	
6	10	0	0	0	-7.50835	-5.86029	-8.47516	-4.86845	-10001	0.216299	0.974769	
6	11	0	0	0	-7.61239	-5.84436	-8.56172	-4.86977	-10001	0.24201	0.974086	
6	12	0	0	0	-7.71309	-5.82604	-8.644	-4.87071	-10001	0.268321	0.974439	
6	13	0	0	0	-7.80799	-5.80168	-8.72249	-4.87128	-10001	0.295195	0.982914	
6	14	0	0	0	-7.90237	-5.78038	-8.7976	-4.87151	-10001	0.322596	0.985002	
6	15	0	0	0	-7.99397	-5.75814	-8.86969	-4.87142	-10001	0.350493	0.987594	
6	16	0	0	0	-8.08296	-5.73523	-8.95104	-4.86022	-10001	0.378856	0.992075	
6	17	0	0	0	-8.16949	-5.71463	-9.01796	-4.85951	-10001	0.407658	0.992225	
6	18	0	0	0	-8.25375	-5.68812	-9.08266	-4.85853	-10001	0.436874	0.999171	
6	19	0	0	0	-8.33585	-5.66418	-9.14533	-4.85728	-10001	0.46648	1.00321	
6	20	0	0	0	-8.4159	-5.64011	-9.20615	-4.85579	-10001	0.496456	1.00756	
6	21	0	0	0	-8.49405	-5.61598	-9.26527	-4.85406	-10001	0.52678	1.01221	
6	22	0	0	0	-8.5704	-5.59185	-9.32282	-4.85211	-10001	0.557436	1.01715	
6	23	0	0	0	-8.64506	-5.56776	-9.37892	-4.84995	-10001	0.588405	1.02237	
6	24	0	0	0	-8.71817	-5.54378	-9.43368	-4.84759	-10001	0.619671	1.02776	
6	25	0	0	0	-8.79032	-5.52018	-9.47516	-4.85586	-10001	0.651221	1.03088	
6	26	0	0	0	-8.85991	-5.49612	-9.52749	-4.85312	-10001	0.683039	1.03822	
6	27	0	0	0	-8.92877	-5.47251	-9.57873	-4.85021	-10001	0.715112	1.04444	
6	28	0	0	0	-8.99639	-5.44907	-9.62895	-4.84713	-10001	0.747429	1.05088	
6	29	0	0	0	-9.06295	-5.42584	-9.6782	-4.8439	-10001	0.779978	1.05725	
6	30	0	0	0	-9.12821	-5.4027	-9.72656	-4.84053	-10001	0.812748	1.06435	
6	31	0	0	0	-9.19254	-5.3798	-9.77405	-4.83701	-10001	0.84573	1.07133	
6	32	0	0	0	-9.25593	-5.3571	-9.82075	-4.83336	-10001	0.878913	1.07843	
6	33	0	0	0	-9.30246	-5.35174	-9.84062	-4.84402	-10001	0.91229	1.05994	
6	34	0	0	0	-9.36381	-5.32932	-9.88584	-4.84009	-10001	0.94585	1.06703	
6	35	0	0	0	0	0	-9.90396	-4.85066	-10001	-10001	0.979588	
7	1	0.000574178	-0.00168194	-0.00234487	-7.25938	-6.28872	-8.22151	-5.2978	0.014654	0.142019	0.970956	
7	2	0.000592207	-0.00213331	0.000235571	-7.26296	-6.27976	-8.22494	-5.29622	0.027204	0.16053	0.978082	
7	3	0.000535906	-0.00203186	0.000617306	-7.37193	-6.28971	-8.33213	-5.29765	0.040414	0.150941	0.967892	
7	4	0.000481991	-0.00204586	0.00190689	-7.50894	-6.27995	-8.47026	-5.29505	0.054246	0.173743	0.976061	
7	5	0.000428417	-0.00186736	0.00190706	-7.6352	-6.2737	-8.61786	-5.28129	0.068662	0.168751	0.990185	
7	6	0.000387082	-0.00179315	0.00232233	-7.75845	-6.2785	-8.72089	-5.2922	0.083631	0.18	0.975807	
7	7	0	0	0	-7.86785	-6.24058	-8.85428	-5.27768	-10001	0.09912	1.02444	
7	8	0	0	0	-7.96922	-6.2634	-8.94287	-5.28787	-10001	0.115102	0.998073	
7	9	0	0	0	-8.06619	-6.27969	-9.03702	-5.28698	-10001	0.13155	0.977955	
7	10	0	0	0	-8.16257	-6.27494	-9.13968	-5.28223	-10001	0.148439	0.98428	
7	11	0	0	0	-8.2521	-6.28016	-9.22336	-5.28072	-10001	0.165747	0.971801	
7	12	0	0	0	-8.34252	-6.2658	-9.31674	-5.27541	-10001	0.183452	0.98367	
7	13	0	0	0	-8.426	-6.27973	-9.38032	-5.28415	-10001	0.201535	0.958553	
7	14	0	0	0	-8.51164	-6.26339	-9.47832	-5.26753	-10001	0.219977	0.970703	
7	15	0	0	0	-8.59005	-6.23815	-9.5354	-5.27573	-10001	0.23876	0.982279	
7	16	0	0	0	-8.66599	-6.23113	-9.60165	-5.27293	-10001	0.257869	0.976477	
7	17	0	0	0	-8.7458	-6.20576	-9.67945	-5.26642	-10001	0.277288	0.993934	
7	18	0	0	0	-8.81768	-6.19666	-9.72903	-5.27397	-10001	0.297003	0.987715	
7	19	0	0	0	-8.8875	-6.18693	-9.78849	-5.27052	-10001	0.317001	0.983179	
7	20	0	0	0	-8.96274	-6.15896	-9.86011	-5.26341	-10001	0.337269	1.00204	
7	21	0	0	0	-9.0292	-6.14813	-9.90405	-5.27039	-10001	0.357794	0.996699	
7	22	0	0	0	-9.0939	-6.137	-9.95835	-5.26638	-10001	0.378567	0.992911	
7	23	0	0	0	-9.16546	-6.10769	-10.0252	-5.25874	-10001	0.399576	1.01272	
7	24	0	0	0	-9.22732	-6.09599	-10.0648	-5.2652	-10001	0.420812	1.008	
7	25	0	0	0	-9.28765	-6.08413	-10.103	-5.27154	-10001	0.442265	1.00345	
7	26	0	0	0	-9.34653	-6.07215	-10.1521	-5.26688	-10001	0.463927	1.00037	
7	27	0	0	0	-9.41409	-6.04207	-10.2141	-5.25861	-10001	0.485788	1.02112	
7	28	0	0	0	-9.47065	-6.02988	-10.2491	-5.26449	-10001	0.507841	1.01709	
7	29	0	0	0	-9.52592	-6.01764	-10.2832	-5.27028	-10001	0.530079	1.01322	
7	30	0	0	0	-9.57996	-6.00538	-10.3282	-5.26507	-10001	0.552494	1.01076	
7	31	0	0	0	-9.64441	-5.97517	-10.3865	-5.25627	-10001	0.57508	1.03231	
7	32	0	0	0	-9.69704	-5.96314	-10.418	-5.26166	-10001	0.59783	1.02781	
7	33	0	0	0	-9.74765	-5.95062	-10.4488	-5.26696	-10001	0.620738	1.02555	
7	34	0	0	0	-9.79768	-5.93837	-10.4908	-5.26127	-10001	0.643798	1.02359	
7	35	0	0	0	-9.85967	-5.9084	-10.5461	-5.25203	-10001	0.667006	1.04582	
8	1	0.000301275	-0.000890983	-0.00150068	-7.88582	-6.63504	-8.84253	-5.65167	0.011049	0.135368	0.972896	
8	2	0.000309905	-0.001094	-0.000295675	-7.88356	-6.62948	-8.83745	-5.65366	0.020388	0.148933	0.977528	
8	3	0.000279926	-0.00100517	-0.000340389	-7.99213	-6.62366	-8.96188	-5.64442	0.030124	0.13363	0.990307	
8	4	0.000251586	-0.00101855	0.000493278	-8.11945	-6.63396	-9.07709	-5.64915	0.040238	0.148897	0.972425	
8	5	0.000226437	-0.000996929	0.000950722	-8.24819	-6.62725	-9.20396	-5.65019	0.050715	0.166308	0.978203	
8	6	0.000202407	-0.000896999	0.000841222	-8.36292	-6.62135	-9.33575	-5.64014	0.061537	0.154543	0.991453	
8	7	0.000184441	-0.000865922	0.00106302	-8.47258	-6.64675	-9.43407	-5.64409	0.07269	0.176821	0.958942	
8	8	0.000168802	-0.00082306	0.00114365	-8.57931	-6.63785	-9.53942	-5.6444	0.084159	0.18	0.966449	
8	9	0	0	0	-8.6722	-6.58129	-9.65025	-5.63367	-10001	0.095932	1.03211	
8	10	0	0	0	-8.75752	-6.62874	-9.72949	-5.63694	-10001	0.107995	0.980003	
8	11	0	0	0	-8.84153	-6.63208	-9.81782	-5.63662	-10001	0.120336	0.980743	
8	12	0	0	0	-8.91923	-6.64424	-9.88766	-5.63949	-10001	0.132945	0.963866	
8	13	0	0	0	-8.99715	-6.62029	-9.9677	-5.63879	-10001	0.14581	0.988853	
8	14	0	0	0	-9.07273	-6.61411	-10.0561	-5.62709	-10001	0.158921	0.996353	
8	15	0	0	0	-9.14228	-6.62103	-10.1036	-5.64024	-10001	0.172269	0.980193	
8	16	0	0	0	-9.21368	-6.61001	-10.1862	-5.62817	-10001	0.185844	0.99049	
8	17	0	0	0	-9.27891	-6.61343	-10.2403	-5.63014	-10001	0.199639	0.977692	
8	18	0	0	0	-9.3469	-6.61727	-10.3061	-5.62861	-10001	0.213644	0.970209	
8	19	0	0	0	-9.40843	-6.59999	-10.3558	-5.63028	-10001	0.227853	0.976987	
8	20	0	0	0	-9.47355	-6.5831	-10.4177	-5.62845	-10001	0.242257	0.988999	
8	21	0	0	0	-9.53185	-6.58243	-10.4638	-5.62983	-10001	0.256849	0.978319	
8	22	0	0	0	-9.59453	-6.56379	-10.5223	-5.62773	-10001	0.271623	0.991191	
8	23	0	0	0	-9.64994	-6.56191	-10.5653	-5.62884	-10001	0.286573	0.981072	
8	24	0	0	0	-9.71049	-6.542	-10.621	-5.62649	-10001	0.301692	0.994588	
8	25	0	0	0	-9.76332	-6.53926	-10.6614	-5.62735	-10001	0.316974	0.984872	
8	26	0	0	0	-9.82199	-6.51843	-10.7147	-5.62476	-10001	0.332415	0.998896	
8	27	0	0	0	-9.87247	-6.51505	-10.7528	-5.62538	-10001	0.348008	0.989492	
8	28	0	0	0	-9.9295	-6.49356	-10.8039	-5.62257	-10001	0.363748	1.00393	
8	29	0	0	0	-9.97781	-6.48972	-10.84	-5.62297	-10001	0.379632	0.994787	
8	30	0	0	0	-10.0334	-6.46776	-10.8893	-5.61996	-10001	0.395653	1.00958	
8	31	0	0	0	-10.0797	-6.46356	-10.9117	-5.63104	-10001	0.411808	0.999407	
8	32	0	0	0	-10.1339	-6.44128	-10.9713	-5.61695	-10001	0.428093	1.01577	
8	33	0	0	0	-10.1784	-6.43683	-10.9921	-5.62782	-10001	0.444503	1.00582	
8	34	0	0	0	-10.2219	-6.43233	-11.0242	-5.62775	-10001	0.461034	0.997185	
8	35	0	0	0	-10.2743	-6.40969	-11.0697	-5.62424	-10001	0.477684	1.01271	
9	1	0.00017126	-0.000520902	-0.00092657	-8.44158	-6.94643	-9.41675	-5.95381	0.008639	0.132758	0.982418	
9	2	0.000175829	-0.000619808	-0.000329794	-8.43185	-6.95673	-9.39175	-5.9613	0.015871	0.142378	0.964309	
9	3	0.000160538	-0.00063184	0.000147275	-8.54346	-6.95182	-9.49852	-5.96522	0.023354	0.153526	0.96804	
9	4	0.000142369	-0.000554375	2.625e-06	-8.66478	-6.9496	-9.63375	-5.95808	0.031081	0.135578	0.977255	
9	5	0.000128084	-0.000544353	0.000320744	-8.78944	-6.94499	-9.76643	-5.95079	0.039043	0.148619	0.982689	
9	6	0.000115953	-0.000526315	0.000507561	-8.90366	-6.93903	-9.8662	-5.95744	0.04723	0.159295	0.980593	
9	7	0.000105643	-0.000503531	0.000607483	-9.01419	-6.93319	-9.9725	-5.96066	0.055636	0.174166	0.985385	
9	8	9.57684e-05	-0.000454151	0.000520178	-9.11003	-6.92913	-10.0835	-5.95287	0.064252	0.158216	0.997145	
9	9	8.83405e-05	-0.000435521	0.000580411	-9.20241	-6.94013	-10.1621	-5.95907	0.073071	0.174098	0.978249	
9	10	8.18022e-05	-0.00041444	0.000600478	-9.29301	-6.93433	-10.2492	-5.96185	0.082087	0.18	0.98324	
9	11	0	0	0	-9.3281	-7.18599	-10.3431	-5.95359	-10001	0.091293	0.823569	
9	12	0	0	0	-9.4478	-6.9097	-10.4065	-5.95938	-10001	0.100682	1.00883	
9	13	0	0	0	-9.51995	-6.91404	-10.4802	-5.96174	-10001	0.110249	1.00834	
9	14	0	0	0	-9.58982	-6.91771	-10.5622	-5.95308	-10001	0.119988	1.00801	
9	15	0	0	0	-9.65613	-6.91745	-10.641	-5.94435	-10001	0.129894	1.01211	
9	16	0	0	0	-9.71771	-6.95168	-10.6911	-5.94957	-10001	0.13996	0.971354	
9	17	0	0	0	-9.78054	-6.94706	-10.7527	-5.95144	-10001	0.150183	0.976462	
9	18	0	0	0	-9.83803	-6.95584	-10.7979	-5.95647	-10001	0.160557	0.960499	
9	19	0	0	0	-9.89756	-6.94809	-10.8552	-5.95812	-10001	0.171078	0.967317	
9	20	0	0	0	-9.95576	-6.9241	-10.9223	-5.94877	-10001	0.18174	0.991028	
9	21	0	0	0	-10.0084	-6.93128	-10.9618	-5.95346	-10001	0.192541	0.975017	
9	22	0	0	0	-10.0641	-6.92099	-11.0137	-5.9548	-10001	0.203476	0.982881	
9	23	0	0	0	-10.1187	-6.90974	-11.076	-5.94515	-10001	0.21454	0.992444	
9	24	0	0	0	-10.1674	-6.9146	-11.111	-5.94953	-10001	0.225731	0.977722	
9	25	0	0	0	-10.2201	-6.90183	-11.1588	-5.95058	-10001	0.237044	0.986809	
9	26	0	0	0	-10.2719	-6.88841	-11.2172	-5.94067	-10001	0.248476	0.997451	
9	27	0	0	0	-10.3173	-6.89173	-11.2367	-5.95568	-10001	0.260024	0.982261	
9	28	0	0	0	-10.3675	-6.87728	-11.293	-5.94555	-10001	0.271685	0.993406	
9	29	0	0	0	-10.4108	-6.87994	-11.3224	-5.9495	-10001	0.283454	0.979767	
9	30	0	0	0	-10.4595	-6.86467	-11.365	-5.95013	-10001	0.29533	0.990082	
9	31	0	0	0	-10.5076	-6.84906	-11.4185	-5.93979	-10001	0.307309	1.00182	
9	32	0	0	0	-10.5483	-6.85089	-11.4453	-5.94347	-10001	0.319389	0.98856	
9	33	0	0	0	-10.5952	-6.83472	-11.4855	-5.94387	-10001	0.331567	0.999369	
9	34	0	0	0	-10.6342	-6.8362	-11.5108	-5.94743	-10001	0.34384	0.986287	
9	35	0	0	0	-10.6799	-6.81958	-11.5495	-5.94768	-10001	0.356206	0.997362	
10	1	0.000103584	-0.000327039	-0.000572148	-8.93524	-7.2109	-9.90756	-6.23929	0.006945	0.128357	1.00073	
10	2	0.000106204	-0.000378757	-0.000259675	-8.92284	-7.2238	-9.87845	-6.24819	0.012717	0.135769	0.979503	
10	3	9.68476e-05	-0.000380221	1.01024e-05	-9.03157	-7.22019	-9.9929	-6.24276	0.018657	0.144397	0.983533	
10	4	8.68551e-05	-0.000367993	0.000189839	-9.15702	-7.21595	-10.1121	-6.24808	0.024759	0.153475	0.986817	
10	5	7.71464e-05	-0.000318533	6.68194e-05	-9.27304	-7.21201	-10.2406	-6.2424	0.031019	0.132315	0.997855	
10	6	6.98181e-05	-0.000308403	0.000202733	-9.38798	-7.20906	-10.362	-6.23662	0.037433	0.142967	1.00164	
10	7	6.36388e-05	-0.000296558	0.000287533	-9.49181	-7.23705	-10.4499	-6.24481	0.043995	0.154992	0.965529	
10	8	5.83804e-05	-0.000283734	0.000337064	-9.59221	-7.23221	-10.5447	-6.2497	0.050702	0.166894	0.96943	
10	9	5.385e-05	-0.000270373	0.000362281	-9.68634	-7.2304	-10.6449	-6.24356	0.05755	0.18	0.971333	
10	10	4.94116e-05	-0.00024543	0.000308856	-9.76719	-7.22691	-10.7394	-6.23735	0.064534	0.161207	0.982426	
10	11	4.60473e-05	-0.000235459	0.00032905	-9.84606	-7.23772	-10.8028	-6.24512	0.071651	0.174753	0.963876	
10	12	4.30497e-05	-0.000224938	0.000335394	-9.92423	-7.21694	-10.8878	-6.23869	0.078897	0.18	0.984973	
10	13	4.03494e-05	-0.000214087	0.00033215	-9.99868	-7.21185	-10.9569	-6.24308	0.086269	0.18	0.989132	
10	14	0	0	0	-10.0235	-7.43807	-11.0344	-6.23647	-10001	0.093764	0.841263	
10	15	0	0	0	-10.1252	-7.21512	-11.0827	-6.24386	-10001	0.101377	0.985845	
10	16	0	0	0	-10.1859	-7.21986	-11.1542	-6.23707	-10001	0.109107	0.985198	
10	17	0	0	0	-10.2443	-7.22009	-11.2112	-6.2411	-10001	0.116949	0.987616	
10	18	0	0	0	-10.301	-7.19777	-11.2778	-6.23415	-10001	0.124902	1.01368	
10	19	0	0	0	-10.3536	-7.21405	-11.3162	-6.24118	-10001	0.132961	0.989448	
10	20	0	0	0	-10.4063	-7.21154	-11.3669	-6.24498	-10001	0.141125	0.993856	
10	21	0	0	0	-10.4584	-7.20878	-11.4277	-6.23777	-10001	0.149391	0.998251	
10	22	0	0	0	-10.5093	-7.20495	-11.4868	-6.23051	-10001	0.157757	1.00315	
10	23	0	0	0	-10.5553	-7.21619	-11.5184	-6.23722	-10001	0.166219	0.983789	
10	24	0	0	0	-10.604	-7.21045	-11.5628	-6.24071	-10001	0.174775	0.98871	
10	25	0	0	0	-10.6517	-7.20384	-11.6177	-6.23321	-10001	0.183424	0.995202	
10	26	0	0	0	-10.6943	-7.21305	-11.6454	-6.23973	-10001	0.192163	0.977188	
10	27	0	0	0	-10.7403	-7.20502	-11.6862	-6.24302	-10001	0.200989	0.983298	
10	28	0	0	0	-10.7855	-7.19634	-11.7377	-6.2353	-10001	0.209901	0.990874	
10	29	0	0	0	-10.83	-7.18708	-11.7883	-6.22756	-10001	0.218897	0.998742	
10	30	0	0	0	-10.8689	-7.1944	-11.812	-6.23378	-10001	0.227974	0.981816	
10	31	0	0	0	-10.912	-7.18419	-11.8489	-6.23681	-10001	0.237131	0.988979	
10	32	0	0	0	-10.9546	-7.17357	-11.8969	-6.22888	-10001	0.246366	0.997521	
10	33	0	0	0	-10.991	-7.17997	-11.9181	-6.23492	-10001	0.255678	0.981072	
10	34	0	0	0	-11.0323	-7.16864	-11.9527	-6.23778	-10001	0.265063	0.988778	
10	35	0	0	0	-11.0732	-7.157	-11.9985	-6.22966	-10001	0.274522	0.997817	
