2	1	0.655783	-3.41908	0	-0.356979	-1.6623	-0.940213	-1.10343	0.273385	0.576486	1.04359	
2	2	0.272282	-2.98381	0	-0.427091	-1.90992	-1.62905	-0.824439	0.548669	0.651255	1.1073	
2	3	0	0	0	-1.03534	-1.69	-2.15942	-0.757114	-10001	0.845727	1.20495	
2	4	0	0	0	-1.71285	-1.46249	-2.63081	-0.749062	-10001	1.1551	1.2867	
2	5	0	0	0	0	0	-3.44669	-0.557599	-10001	-10001	1.47226	
2	6	0	0	0	0	0	-4.43881	-0.303917	-10001	-10001	1.79471	
2	7	0	0	0	0	0	0	0	-10001	-10001	-10001	
2	8	0	0	0	0	0	0	0	-10001	-10001	-10001	
2	9	0	0	0	0	0	0	0	-10001	-10001	-10001	
2	10	0	0	0	0	0	0	0	-10001	-10001	-10001	
2	11	0	0	0	0	0	0	0	-10001	-10001	-10001	
2	12	0	0	0	0	0	0	0	-10001	-10001	-10001	
2	13	0	0	0	0	0	0	0	-10001	-10001	-10001	
2	14	0	0	0	0	0	0	0	-10001	-10001	-10001	
2	15	0	0	0	0	0	0	0	-10001	-10001	-10001	
2	16	0	0	0	0	0	0	0	-10001	-10001	-10001	
2	17	0	0	0	0	0	0	0	-10001	-10001	-10001	
2	18	0	0	0	0	0	0	0	-10001	-10001	-10001	
2	19	0	0	0	0	0	0	0	-10001	-10001	-10001	
2	20	0	0	0	0	0	0	0	-10001	-10001	-10001	
2	21	0	0	0	0	0	0	0	-10001	-10001	-10001	
2	22	0	0	0	0	0	0	0	-10001	-10001	-10001	
2	23	0	0	0	0	0	0	0	-10001	-10001	-10001	
2	24	0	0	0	0	0	0	0	-10001	-10001	-10001	
2	25	0	0	0	0	0	0	0	-10001	-10001	-10001	
2	26	0	0	0	0	0	0	0	-10001	-10001	-10001	
2	27	0	0	0	0	0	0	0	-10001	-10001	-10001	
2	28	0	0	0	0	0	0	0	-10001	-10001	-10001	
2	29	0	0	0	0	0	0	0	-10001	-10001	-10001	
2	30	0	0	0	0	0	0	0	-10001	-10001	-10001	
2	31	0	0	0	0	0	0	0	-10001	-10001	-10001	
2	32	0	0	0	0	0	0	0	-10001	-10001	-10001	
2	33	0	0	0	0	0	0	0	-10001	-10001	-10001	
2	34	0	0	0	0	0	0	0	-10001	-10001	-10001	
2	35	0	0	0	0	0	0	0	-10001	-10001	-10001	
3	1	-1.4518	-3.88276	0	-2.07956	-2.80953	-2.8585	-2.14553	0.076573	0.584924	1.17311	
3	2	-1.46702	-4.0696	0	-2.1298	-2.89821	-2.97978	-2.16804	0.15691	0.565797	1.1641	
3	3	-1.67953	-3.99379	0	-2.30029	-2.96438	-3.20928	-2.18572	0.248837	0.603013	1.16739	
3	4	-1.91181	-3.92883	0	-2.49127	-3.01118	-3.45013	-2.19835	0.349275	0.631462	1.17964	
3	5	-2.13665	-3.87286	0	-2.63463	-3.09669	-3.64493	-2.23143	0.456179	0.641583	1.16762	
3	6	-2.37799	-3.76842	0	-2.82256	-3.11422	-3.8551	-2.24596	0.56813	0.679564	1.1892	
3	7	0	0	0	-3.02244	-3.1099	-4.02695	-2.27351	-10001	0.684104	1.20101	
3	8	0	0	0	-3.27962	-3.03873	-4.18826	-2.29891	-10001	0.803344	1.22819	
3	9	0	0	0	-3.5262	-2.97041	-4.34041	-2.32227	-10001	0.925276	1.25623	
3	10	0	0	0	-3.7631	-2.90557	-4.48463	-2.34372	-10001	1.04945	1.28419	
3	11	0	0	0	0	0	-4.55585	-2.40154	-10001	-10001	1.17553	
3	12	0	0	0	0	0	-4.81855	-2.34443	-10001	-10001	1.30322	
3	13	0	0	0	0	0	-5.05233	-2.30324	-10001	-10001	1.4323	
3	14	0	0	0	0	0	-5.29679	-2.25045	-10001	-10001	1.56258	
3	15	0	0	0	0	0	-5.53602	-2.20041	-10001	-10001	1.69392	
3	16	0	0	0	0	0	-5.74498	-2.16568	-10001	-10001	1.82617	
3	17	0	0	0	0	0	-5.97307	-2.11922	-10001	-10001	1.95924	
3	18	0	0	0	0	0	0	0	-10001	-10001	-10001	
3	19	0	0	0	0	0	0	0	-10001	-10001	-10001	
3	20	0	0	0	0	0	0	0	-10001	-10001	-10001	
3	21	0	0	0	0	0	0	0	-10001	-10001	-10001	
3	22	0	0	0	0	0	0	0	-10001	-10001	-10001	
3	23	0	0	0	0	0	0	0	-10001	-10001	-10001	
3	24	0	0	0	0	0	0	0	-10001	-10001	-10001	
3	25	0	0	0	0	0	0	0	-10001	-10001	-10001	
3	26	0	0	0	0	0	0	0	-10001	-10001	-10001	
3	27	0	0	0	0	0	0	0	-10001	-10001	-10001	
3	28	0	0	0	0	0	0	0	-10001	-10001	-10001	
3	29	0	0	0	0	0	0	0	-10001	-10001	-10001	
3	30	0	0	0	0	0	0	0	-10001	-10001	-10001	
3	31	0	0	0	0	0	0	0	-10001	-10001	-10001	
3	32	0	0	0	0	0	0	0	-10001	-10001	-10001	
3	33	0	0	0	0	0	0	0	-10001	-10001	-10001	
3	34	0	0	0	0	0	0	0	-10001	-10001	-10001	
3	35	0	0	0	0	0	0	0	-10001	-10001	-10001	
4	1	0.0383783	0.0394744	-0.743156	-2.92407	-4.34601	-3.93374	-3.29508	0.036156	0.142437	0.960739	
4	2	0.0423415	-0.0582897	-0.262128	-2.9449	-4.39688	-3.95993	-3.31956	0.07196	0.16849	0.94217	
4	3	0	0	0	-3.08729	-4.39902	-4.11829	-3.3347	-10001	0.112693	0.9687	
4	4	0	0	0	-3.23872	-4.45059	-4.30602	-3.33575	-10001	0.157531	0.95735	
4	5	0	0	0	-3.40255	-4.46635	-4.45445	-3.3584	-10001	0.20583	0.949409	
4	6	0	0	0	-3.57053	-4.4557	-4.60804	-3.36794	-10001	0.257076	0.953795	
4	7	0	0	0	-3.73761	-4.43073	-4.74231	-3.38525	-10001	0.310856	0.961002	
4	8	0	0	0	-3.91108	-4.37755	-4.89693	-3.38444	-10001	0.366831	0.992693	
4	9	0	0	0	-4.0722	-4.33924	-5.01821	-3.39728	-10001	0.424722	1.0043	
4	10	0	0	0	-4.22933	-4.29791	-5.13389	-3.40827	-10001	0.484295	1.01678	
4	11	0	0	0	-4.38088	-4.25646	-5.24462	-3.41757	-10001	0.545354	1.02963	
4	12	0	0	0	-4.52778	-4.21448	-5.35097	-3.42532	-10001	0.607734	1.04313	
4	13	0	0	0	-4.65364	-4.19192	-5.42478	-3.44819	-10001	0.671292	1.03686	
4	14	0	0	0	-4.79084	-4.14966	-5.52359	-3.45327	-10001	0.735906	1.05221	
4	15	0	0	0	-4.92451	-4.10784	-5.60624	-3.46848	-10001	0.80147	1.06626	
4	16	0	0	0	-5.05462	-4.06631	-5.69907	-3.47125	-10001	0.867893	1.083	
4	17	0	0	0	-5.18188	-4.0254	-5.78936	-3.47298	-10001	0.935095	1.09969	
4	18	0	0	0	0	0	-5.84775	-3.49079	-10001	-10001	1.003	
4	19	0	0	0	0	0	-5.9786	-3.46857	-10001	-10001	1.07156	
4	20	0	0	0	0	0	-6.1193	-3.43551	-10001	-10001	1.14071	
4	21	0	0	0	0	0	-6.25678	-3.40322	-10001	-10001	1.2104	
4	22	0	0	0	0	0	-6.37336	-3.38166	-10001	-10001	1.28059	
4	23	0	0	0	0	0	-6.50408	-3.35051	-10001	-10001	1.35124	
4	24	0	0	0	0	0	-6.63216	-3.32005	-10001	-10001	1.42231	
4	25	0	0	0	0	0	-6.74012	-3.30119	-10001	-10001	1.49378	
4	26	0	0	0	0	0	-6.86295	-3.27187	-10001	-10001	1.56561	
4	27	0	0	0	0	0	-6.98393	-3.24328	-10001	-10001	1.63778	
4	28	0	0	0	0	0	-7.08325	-3.2258	-10001	-10001	1.71027	
4	29	0	0	0	0	0	-7.19979	-3.19814	-10001	-10001	1.78305	
4	30	0	0	0	0	0	-7.29449	-3.18166	-10001	-10001	1.85611	
4	31	0	0	0	0	0	-7.40742	-3.15495	-10001	-10001	1.92942	
4	32	0	0	0	0	0	0	0	-10001	-10001	-10001	
4	33	0	0	0	0	0	0	0	-10001	-10001	-10001	
4	34	0	0	0	0	0	0	0	-10001	-10001	-10001	
4	35	0	0	0	0	0	0	0	-10001	-10001	-10001	
5	1	0.0115921	0.0275793	-0.312253	-3.96716	-5.02175	-4.8689	-4.09936	0.021237	0.136719	0.977614	
5	2	0.0124275	0.008105	-0.224179	-3.97901	-5.03544	-4.88749	-4.10351	0.041211	0.128219	0.974825	
5	3	0.0117252	-0.0079546	-0.129263	-4.11085	-5.03457	-5.03779	-4.10203	0.063478	0.132815	0.993988	
5	4	0.0111773	-0.0260391	-0.0237622	-4.25262	-5.06173	-5.18166	-4.11129	0.08778	0.18	0.977485	
5	5	-0.000514308	0.138672	-0.647959	-4.3919	-5.07462	-5.32322	-4.11954	0.113899	0.146932	0.975114	
5	6	0	0	0	-4.52649	-5.06796	-5.45829	-4.1263	-10001	0.141647	0.989525	
5	7	0	0	0	-4.64652	-5.09744	-5.5862	-4.13168	-10001	0.170861	0.972994	
5	8	0	0	0	-4.76663	-5.10741	-5.70734	-4.13579	-10001	0.2014	0.968186	
5	9	0	0	0	-4.88586	-5.10392	-5.82238	-4.13874	-10001	0.23314	0.970293	
5	10	0	0	0	-5.00384	-5.09119	-5.932	-4.14061	-10001	0.265974	0.976413	
5	11	0	0	0	-5.11933	-5.07369	-6.03684	-4.14149	-10001	0.299806	0.984246	
5	12	0	0	0	-5.23221	-5.05254	-6.13745	-4.14146	-10001	0.334552	0.993587	
5	13	0	0	0	-5.33461	-5.04621	-6.2085	-4.15511	-10001	0.370136	0.98069	
5	14	0	0	0	-5.44234	-5.01996	-6.30195	-4.15343	-10001	0.406492	0.99202	
5	15	0	0	0	-5.54791	-4.99207	-6.38069	-4.16144	-10001	0.443559	1.00259	
5	16	0	0	0	-5.65138	-4.96304	-6.46839	-4.15835	-10001	0.481285	1.01531	
5	17	0	0	0	-5.75285	-4.93321	-6.55365	-4.15463	-10001	0.51962	1.02855	
5	18	0	0	0	-5.83884	-4.91931	-6.61046	-4.16501	-10001	0.55852	1.02297	
5	19	0	0	0	-5.93567	-4.88844	-6.67958	-4.17065	-10001	0.597947	1.03639	
5	20	0	0	0	-6.03077	-4.85737	-6.75866	-4.16523	-10001	0.637864	1.05164	
5	21	0	0	0	-6.11047	-4.84458	-6.80956	-4.17415	-10001	0.678238	1.04275	
5	22	0	0	0	-6.20185	-4.81334	-6.87337	-4.17837	-10001	0.719041	1.05757	
5	23	0	0	0	-6.2768	-4.80058	-6.92097	-4.18651	-10001	0.760243	1.04902	
5	24	0	0	0	-6.36496	-4.76942	-6.98188	-4.18993	-10001	0.801821	1.06458	
5	25	0	0	0	-6.45198	-4.73849	-7.05348	-4.18224	-10001	0.843751	1.08134	
5	26	0	0	0	-6.52116	-4.72586	-7.09706	-4.18925	-10001	0.886012	1.07321	
5	27	0	0	0	-6.60552	-4.69518	-7.15428	-4.19159	-10001	0.928585	1.0897	
5	28	0	0	0	0	0	-7.16811	-4.21343	-10001	-10001	0.971453	
5	29	0	0	0	0	0	-7.25065	-4.19971	-10001	-10001	1.0146	
5	30	0	0	0	0	0	-7.34369	-4.17539	-10001	-10001	1.058	
5	31	0	0	0	0	0	-7.41972	-4.16028	-10001	-10001	1.10166	
5	32	0	0	0	0	0	-7.50967	-4.13643	-10001	-10001	1.14555	
5	33	0	0	0	0	0	-7.59846	-4.1129	-10001	-10001	1.18966	
5	34	0	0	0	0	0	-7.67206	-4.10013	-10001	-10001	1.23398	
5	35	0	0	0	0	0	-7.75837	-4.07713	-10001	-10001	1.2785	
6	1	0.00446513	0.0172319	-0.168673	-4.82013	-5.55143	-5.67614	-4.69474	0.014055	0.119464	0.999206	
6	2	0.00484376	0.00672344	-0.107508	-4.82345	-5.5617	-5.68771	-4.69684	0.026789	0.131896	0.999296	
6	3	0.00449413	0.00278732	-0.0856669	-4.94541	-5.56201	-5.80415	-4.70149	0.040704	0.128996	0.997933	
6	4	0.0042419	-0.00454978	-0.0388836	-5.0814	-5.57186	-5.95092	-4.7016	0.055706	0.142576	0.999141	
6	5	0.00384229	-0.00596132	-0.0272056	-5.21562	-5.57297	-6.08213	-4.70447	0.071711	0.142231	0.997713	
6	6	0.00362127	-0.00944918	-0.00545778	-5.34161	-5.58118	-6.22006	-4.70292	0.088643	0.140411	1.00021	
6	7	-9.7235e-05	0.0472865	-0.234954	-5.45813	-5.5811	-6.33728	-4.70424	0.106435	0.134659	1.00261	
6	8	0	0	0	-5.53234	-5.78231	-6.461	-4.70126	-10001	0.125025	0.859041	
6	9	0	0	0	-5.67635	-5.56513	-6.55402	-4.71123	-10001	0.144357	1.02784	
6	10	0	0	0	-5.76687	-5.59398	-6.6525	-4.71062	-10001	0.164381	1.00257	
6	11	0	0	0	-5.86057	-5.60357	-6.75737	-4.70399	-10001	0.18505	0.99691	
6	12	0	0	0	-5.94749	-5.6147	-6.83551	-4.71229	-10001	0.206324	0.984068	
6	13	0	0	0	-6.03264	-5.62013	-6.92334	-4.71192	-10001	0.228163	0.98072	
6	14	0	0	0	-6.116	-5.62116	-6.99418	-4.71935	-10001	0.250532	0.973794	
6	15	0	0	0	-6.20323	-5.60288	-7.08428	-4.71058	-10001	0.273399	0.987401	
6	16	0	0	0	-6.28356	-5.5974	-7.14927	-4.71714	-10001	0.296735	0.983463	
6	17	0	0	0	-6.36217	-5.58984	-7.21172	-4.72335	-10001	0.320512	0.980449	
6	18	0	0	0	-6.4391	-5.58061	-7.28319	-4.719	-10001	0.344706	0.979679	
6	19	0	0	0	-6.52194	-5.55318	-7.36624	-4.71054	-10001	0.369291	1.00196	
6	20	0	0	0	-6.59614	-5.54135	-7.42246	-4.71566	-10001	0.394248	1.00077	
6	21	0	0	0	-6.66668	-5.52599	-7.47691	-4.7205	-10001	0.419556	1.00589	
6	22	0	0	0	-6.73761	-5.51257	-7.52972	-4.72507	-10001	0.445197	1.00586	
6	23	0	0	0	-6.80709	-5.4986	-7.58104	-4.72937	-10001	0.471152	1.00615	
6	24	0	0	0	-6.87516	-5.48417	-7.64242	-4.72311	-10001	0.497407	1.00815	
6	25	0	0	0	-6.94179	-5.4706	-7.69104	-4.72688	-10001	0.523946	1.00744	
6	26	0	0	0	-7.00726	-5.45431	-7.73845	-4.73042	-10001	0.550755	1.01009	
6	27	0	0	0	-7.08281	-5.42157	-7.81006	-4.71957	-10001	0.577821	1.03597	
6	28	0	0	0	-7.1462	-5.40604	-7.85531	-4.72263	-10001	0.605132	1.0376	
6	29	0	0	0	-7.20843	-5.39039	-7.89957	-4.72548	-10001	0.632676	1.03945	
6	30	0	0	0	-7.26954	-5.37465	-7.94289	-4.72814	-10001	0.660442	1.04151	
6	31	0	0	0	-7.32973	-5.35893	-7.98531	-4.73062	-10001	0.688421	1.0434	
6	32	0	0	0	-7.38864	-5.34302	-8.02689	-4.73291	-10001	0.716602	1.04614	
6	33	0	0	0	-7.4467	-5.32716	-8.06767	-4.73503	-10001	0.744978	1.0487	
6	34	0	0	0	-7.50385	-5.3113	-8.1077	-4.73699	-10001	0.773539	1.05142	
6	35	0	0	0	-7.56018	-5.29549	-8.14701	-4.73878	-10001	0.802277	1.05411	
7	1	0.00204324	0.00967897	-0.0925583	-5.54218	-5.98592	-6.36827	-5.17207	0.010025	0.115677	1.01503	
7	2	0.00218071	0.00578931	-0.0683278	-5.53932	-5.99362	-6.37894	-5.16592	0.018871	0.124217	1.0144	
7	3	0.00207202	0.0018879	-0.0425477	-5.65413	-5.99969	-6.49655	-5.16898	0.028379	0.133233	1.01409	
7	4	0.00185978	0.00132242	-0.0388186	-5.79057	-5.98156	-6.64189	-5.16168	0.03851	0.127115	1.03833	
7	5	0.00173747	-0.00117352	-0.0215614	-5.91452	-6.00215	-6.76086	-5.16718	0.049229	0.137463	1.01362	
7	6	0.00156314	-0.00123258	-0.0196422	-6.00179	-6.15341	-6.88605	-5.16882	0.060502	0.13623	0.898099	
7	7	0.00147595	-0.00274818	-0.00923944	-6.14915	-6.00449	-6.99066	-5.17351	0.072297	0.143827	1.01267	
7	8	0.00139669	-0.00372717	-0.00267967	-6.25366	-6.0115	-7.10137	-5.17435	0.084587	0.154879	1.0126	
7	9	0.000791551	0.00531051	-0.0414773	-6.35685	-5.99438	-7.21674	-5.16487	0.097345	0.123728	1.03662	
7	10	0.00074311	0.00360369	-0.0290018	-6.44486	-6.0152	-7.29133	-5.1784	0.110546	0.135187	1.01156	
7	11	0	0	0	-6.52636	-6.125	-7.39618	-5.16817	-10001	0.124167	0.90907	
7	12	0	0	0	-6.59072	-6.1566	-7.47244	-5.17106	-10001	0.138187	0.894651	
7	13	0	0	0	-6.6971	-6.00169	-7.55801	-5.1702	-10001	0.152586	1.03539	
7	14	0	0	0	-6.76642	-6.02335	-7.62689	-5.1725	-10001	0.167346	1.0113	
7	15	0	0	0	-6.83729	-6.02812	-7.70592	-5.17107	-10001	0.182448	1.01352	
7	16	0	0	0	-6.90314	-6.04225	-7.76891	-5.17282	-10001	0.197877	0.995791	
7	17	0	0	0	-6.97163	-6.03905	-7.84265	-5.17087	-10001	0.213617	1.00328	
7	18	0	0	0	-7.03477	-6.04694	-7.90084	-5.17212	-10001	0.229655	0.990002	
7	19	0	0	0	-7.10137	-6.03778	-7.97024	-5.1697	-10001	0.245976	1.0009	
7	20	0	0	0	-7.16208	-6.0413	-8.01324	-5.18063	-10001	0.262568	0.988953	
7	21	0	0	0	-7.22701	-6.02792	-8.09022	-5.16763	-10001	0.279419	1.00339	
7	22	0	0	0	-7.28546	-6.02838	-8.12983	-5.17814	-10001	0.296518	0.993098	
7	23	0	0	0	-7.34264	-6.02781	-8.17913	-5.17834	-10001	0.313855	0.984724	
7	24	0	0	0	-7.4052	-6.01029	-8.24048	-5.17486	-10001	0.331419	0.99982	
7	25	0	0	0	-7.46022	-6.01209	-8.28716	-5.17468	-10001	0.349201	0.98749	
7	26	0	0	0	-7.52159	-5.98849	-8.34604	-5.17086	-10001	0.367192	1.00835	
7	27	0	0	0	-7.57479	-5.98472	-8.37912	-5.18053	-10001	0.385383	1.00018	
7	28	0	0	0	-7.62682	-5.98312	-8.4224	-5.17985	-10001	0.403768	0.990423	
7	29	0	0	0	-7.68616	-5.96167	-8.4782	-5.17553	-10001	0.422338	1.0075	
7	30	0	0	0	-7.73653	-5.95416	-8.50828	-5.1848	-10001	0.441086	1.0031	
7	31	0	0	0	-7.78581	-5.94882	-8.54877	-5.18366	-10001	0.460005	0.997121	
7	32	0	0	0	-7.84347	-5.92635	-8.602	-5.17889	-10001	0.479088	1.01481	
7	33	0	0	0	-7.89113	-5.92045	-8.64093	-5.17747	-10001	0.498331	1.00919	
7	34	0	0	0	-7.94786	-5.89747	-8.69266	-5.17246	-10001	0.517726	1.02728	
7	35	0	0	0	-7.99401	-5.89115	-8.71879	-5.18107	-10001	0.537269	1.02069	
8	1	0.00105215	0.00550918	-0.0530551	-6.13915	-6.49142	-7.0043	-5.55598	0.007528	0.114618	0.924855	
8	2	0.00111073	0.00389516	-0.0425679	-6.16024	-6.37156	-6.98356	-5.56428	0.014045	0.119541	1.01987	
8	3	0.00104429	0.00206542	-0.0295219	-6.27093	-6.37563	-7.09356	-5.56896	0.02096	0.126253	1.01978	
8	4	0.000965995	0.000635617	-0.019414	-6.39822	-6.3792	-7.23119	-5.56332	0.028255	0.133251	1.02095	
8	5	0.000859963	0.000728759	-0.0197542	-6.49816	-6.49742	-7.36634	-5.55741	0.035912	0.126989	0.923589	
8	6	0.000801805	-0.000253071	-0.0124894	-6.64187	-6.37762	-7.47049	-5.56447	0.043917	0.132732	1.01902	
8	7	0.000752189	-0.000964339	-0.0073895	-6.7507	-6.38174	-7.5802	-5.56805	0.052253	0.140655	1.01943	
8	8	0.000679891	-0.000754234	-0.00790006	-6.83178	-6.4956	-7.69379	-5.56134	0.060907	0.135828	0.922678	
8	9	0.00064526	-0.00125634	-0.00427033	-6.95281	-6.36733	-7.80102	-5.55442	0.069865	0.141808	1.04342	
8	10	0.000614094	-0.0016078	-0.00176389	-7.03812	-6.38488	-7.87841	-5.56051	0.079114	0.150803	1.01932	
8	11	0.000585301	-0.00184126	-6.44444e-05	-7.12197	-6.38858	-7.96392	-5.56318	0.088642	0.159464	1.02006	
8	12	0.000205787	0.00433973	-0.0268111	-7.20606	-6.37089	-8.05608	-5.55558	0.098438	0.12157	1.04258	
8	13	-0.000248185	0.0107724	-0.0501645	-7.27707	-6.38859	-8.12008	-5.56107	0.108491	0.135068	1.01872	
8	14	0.000406858	-0.000556856	-0.00347222	-7.34831	-6.39229	-8.19375	-5.56315	0.118791	0.148755	1.01966	
8	15	0	0	0	-7.42023	-6.45777	-8.27539	-5.55495	-10001	0.129329	0.947209	
8	16	0	0	0	-7.47083	-6.48835	-8.31882	-5.57004	-10001	0.140095	0.923422	
8	17	0	0	0	-7.52047	-6.51142	-8.39512	-5.56144	-10001	0.15108	0.920707	
8	18	0	0	0	-7.60426	-6.39292	-8.44477	-5.56609	-10001	0.162277	1.01654	
8	19	0	0	0	-7.66088	-6.39692	-8.50559	-5.56732	-10001	0.173677	1.01821	
8	20	0	0	0	-7.71638	-6.39919	-8.57562	-5.55823	-10001	0.185274	1.02174	
8	21	0	0	0	-7.76729	-6.41302	-8.61949	-5.5624	-10001	0.19706	1.00185	
8	22	0	0	0	-7.82101	-6.41126	-8.675	-5.56319	-10001	0.209028	1.00698	
8	23	0	0	0	-7.86985	-6.42174	-8.71572	-5.5671	-10001	0.221172	0.989737	
8	24	0	0	0	-7.92211	-6.41647	-8.76838	-5.56762	-10001	0.233485	0.996959	
8	25	0	0	0	-7.97379	-6.4172	-8.83094	-5.5578	-10001	0.245963	0.997379	
8	26	0	0	0	-8.02005	-6.4229	-8.86781	-5.5613	-10001	0.258599	0.983926	
8	27	0	0	0	-8.07057	-6.40697	-8.91686	-5.56144	-10001	0.271388	1.0009	
8	28	0	0	0	-8.11516	-6.41185	-8.95154	-5.56472	-10001	0.284325	0.987316	
8	29	0	0	0	-8.16458	-6.40063	-8.99858	-5.56464	-10001	0.297405	0.997627	
8	30	0	0	0	-8.20759	-6.40416	-9.03134	-5.56771	-10001	0.310624	0.984811	
8	31	0	0	0	-8.25601	-6.39142	-9.07661	-5.5674	-10001	0.323977	0.995858	
8	32	0	0	0	-8.30407	-6.37802	-9.13231	-5.55674	-10001	0.33746	1.00849	
8	33	0	0	0	-8.34501	-6.38354	-9.15136	-5.56977	-10001	0.351068	0.990875	
8	34	0	0	0	-8.39219	-6.36552	-9.20559	-5.55888	-10001	0.364798	1.00837	
8	35	0	0	0	-8.43176	-6.36675	-9.23447	-5.56143	-10001	0.378647	0.996761	
9	1	0.000590518	0.00324844	-0.0318344	-6.69897	-6.80252	-7.55	-5.89706	0.005869	0.112334	0.939898	
9	2	0.000618768	0.00251284	-0.0269293	-6.68516	-6.81737	-7.52406	-5.90635	0.010879	0.117593	0.92083	
9	3	0.000577334	0.00158497	-0.0199119	-6.78742	-6.83337	-7.63989	-5.90211	0.016142	0.123196	0.915392	
9	4	0.000530206	0.000828596	-0.014186	-6.94115	-6.70959	-7.76133	-5.9078	0.021648	0.126852	1.02294	
9	5	0.000488238	0.000251787	-0.00987367	-7.06296	-6.71172	-7.89122	-5.90318	0.027389	0.132412	1.02438	
9	6	0.00043448	0.000432994	-0.0109244	-7.16365	-6.80246	-8.01415	-5.89839	0.033357	0.123717	0.940733	
9	7	0.000405548	1.97678e-06	-0.00754392	-7.26262	-6.82258	-8.12949	-5.89345	0.039544	0.130398	0.932978	
9	8	0.000381028	-0.000325989	-0.00503717	-7.35591	-6.84029	-8.21343	-5.90157	0.045941	0.13726	0.913504	
9	9	0.000359889	-0.000573137	-0.00318136	-7.47843	-6.71381	-8.30411	-5.90646	0.052542	0.141126	1.02271	
9	10	0.000341321	-0.000756438	-0.00181289	-7.56527	-6.71581	-8.40015	-5.90102	0.059341	0.14758	1.02465	
9	11	0.000311999	-0.000598414	-0.00236772	-7.62796	-6.81863	-8.49118	-5.89545	0.066329	0.141197	0.935046	
9	12	0.000298446	-0.00074687	-0.00125072	-7.69756	-6.83914	-8.55343	-5.90301	0.073502	0.149096	0.914259	
9	13	0.000286005	-0.000854388	-0.000433389	-7.79817	-6.71648	-8.62495	-5.90735	0.080852	0.152949	1.02182	
9	14	0.000274394	-0.00092866	0.000156278	-7.86719	-6.71852	-8.70404	-5.90135	0.088375	0.159974	1.02407	
9	15	-0.00017373	0.0070419	-0.0355225	-7.91347	-6.8232	-8.78	-5.89523	0.096065	0.115133	0.933785	
9	16	0	0	0	-8.05976	-6.47684	-8.82875	-5.90228	-10001	0.103917	1.1	
9	17	0	0	0	-8.11459	-6.51043	-8.88819	-5.90613	-10001	0.111924	1.1	
9	18	0	0	0	-8.17151	-6.53953	-8.95644	-5.89962	-10001	0.120084	1.1	
9	19	0	0	0	-8.18749	-6.74393	-9.0226	-5.89303	-10001	0.12839	0.981453	
9	20	0	0	0	-8.229	-6.77105	-9.06242	-5.89962	-10001	0.136839	0.956378	
9	21	0	0	0	-8.26846	-6.79781	-9.11371	-5.90303	-10001	0.145426	0.944635	
9	22	0	0	0	-8.30643	-6.82595	-9.17455	-5.89608	-10001	0.154147	0.93359	
9	23	0	0	0	-8.34478	-6.85159	-9.20942	-5.90239	-10001	0.162999	0.910922	
9	24	0	0	0	-8.42009	-6.7351	-9.2562	-5.90551	-10001	0.171977	1.00786	
9	25	0	0	0	-8.4651	-6.73654	-9.31286	-5.89825	-10001	0.181077	1.0113	
9	26	0	0	0	-8.50586	-6.74983	-9.34382	-5.90429	-10001	0.190297	0.991038	
9	27	0	0	0	-8.54955	-6.73987	-9.39821	-5.89684	-10001	0.199633	1.00668	
9	28	0	0	0	-8.59243	-6.7381	-9.44029	-5.89959	-10001	0.209082	1.01115	
9	29	0	0	0	-8.63501	-6.73537	-9.49264	-5.89199	-10001	0.21864	1.01689	
9	30	0	0	0	-8.67286	-6.74589	-9.51952	-5.89766	-10001	0.228305	0.998147	
9	31	0	0	0	-8.71443	-6.74125	-9.55883	-5.90017	-10001	0.238073	1.00396	
9	32	0	0	0	-8.75562	-6.7357	-9.60859	-5.89231	-10001	0.247942	1.01136	
9	33	0	0	0	-8.7916	-6.74414	-9.633	-5.89775	-10001	0.257909	0.994102	
9	34	0	0	0	-8.83193	-6.73713	-9.66999	-5.90004	-10001	0.267972	1.00116	
9	35	0	0	0	-8.87196	-6.72942	-9.71757	-5.89195	-10001	0.278128	1.00972	
10	1	0.000353954	0.00198904	-0.019918	-7.19859	-7.08148	-8.041	-6.19732	0.004708	0.110642	0.952777	
10	2	0.00036895	0.00162712	-0.0174687	-7.18256	-7.09507	-8.03566	-6.19412	0.008685	0.114866	0.946887	
10	3	0.000342353	0.0011235	-0.0134716	-7.28502	-7.10733	-8.12352	-6.20394	0.01283	0.11922	0.928164	
10	4	0.000312686	0.000700685	-0.0100875	-7.40274	-7.12087	-8.25233	-6.20036	0.017138	0.12382	0.922954	
10	5	0.000286447	0.000369826	-0.00745846	-7.54815	-7.00683	-8.36741	-6.20692	0.021605	0.126695	1.0242	
10	6	0.000264263	0.000114363	-0.00545025	-7.66086	-7.00808	-8.48659	-6.20311	0.026224	0.131204	1.02579	
10	7	0.000235737	0.000269535	-0.00643264	-7.76047	-7.07502	-8.59815	-6.1992	0.030993	0.120727	0.956448	
10	8	0.000220555	6.33502e-05	-0.00473092	-7.85167	-7.0917	-8.70253	-6.19518	0.035907	0.126017	0.949065	
10	9	0.00020764	-9.93214e-05	-0.00341669	-7.93753	-7.1071	-8.77604	-6.20433	0.040961	0.131416	0.928822	
10	10	0.000196497	-0.000227294	-0.00239969	-8.01647	-7.12357	-8.86823	-6.20008	0.046153	0.137091	0.922334	
10	11	0.000186738	-0.000327311	-0.00161258	-8.12147	-7.00971	-8.94421	-6.20604	0.051477	0.140195	1.02372	
10	12	0.000178068	-0.000404609	-0.00100439	-8.19659	-7.02075	-9.02684	-6.20159	0.056931	0.145464	1.01354	
10	13	0.00016336	-0.000297917	-0.00146022	-8.25967	-7.0849	-9.10551	-6.19707	0.062511	0.13655	0.952709	
10	14	0.000156923	-0.000368088	-0.000906472	-8.31972	-7.1044	-9.18065	-6.19246	0.068214	0.142908	0.944062	
10	15	0.000151022	-0.000422215	-0.000478094	-8.37804	-7.12161	-9.22816	-6.20102	0.074036	0.149365	0.923457	
10	16	0.000145541	-0.000462871	-0.000149306	-8.46248	-7.02124	-9.2973	-6.19622	0.079974	0.152492	1.01187	
10	17	0.00014039	-0.000492236	0.000100367	-8.52087	-7.02265	-9.35265	-6.20163	0.086025	0.158281	1.0131	
10	18	0	0	0	-8.66377	-6.69062	-9.41686	-6.19665	-10001	0.092187	1.1	
10	19	0	0	0	-8.70936	-6.70205	-9.47895	-6.1916	-10001	0.098456	1.1	
10	20	0	0	0	-8.75347	-6.76445	-9.51461	-6.19975	-10001	0.104829	1.1	
10	21	0	0	0	-8.80137	-6.76136	-9.56178	-6.20487	-10001	0.111305	1.1	
10	22	0	0	0	-8.85019	-6.78781	-9.6185	-6.19955	-10001	0.11788	1.1	
10	23	0	0	0	-8.83621	-7.06261	-9.67373	-6.19418	-10001	0.124552	0.964416	
10	24	0	0	0	-8.88719	-7.05684	-9.70301	-6.20206	-10001	0.131319	0.954425	
10	25	0	0	0	-8.92727	-7.05093	-9.75556	-6.19653	-10001	0.138178	0.969449	
10	26	0	0	0	-8.96058	-7.0705	-9.79564	-6.20128	-10001	0.145127	0.960702	
10	27	0	0	0	-8.99207	-7.09458	-9.84583	-6.19562	-10001	0.152164	0.949719	
10	28	0	0	0	-9.02261	-7.11918	-9.89499	-6.1899	-10001	0.159286	0.938779	
10	29	0	0	0	-9.05404	-7.14016	-9.91858	-6.19742	-10001	0.166493	0.917052	
10	30	0	0	0	-9.11944	-7.01788	-9.95456	-6.20193	-10001	0.173781	1.02349	
10	31	0	0	0	-9.15634	-7.01879	-10.0009	-6.196	-10001	0.18115	1.02647	
10	32	0	0	0	-9.19275	-7.01913	-10.0465	-6.19003	-10001	0.188596	1.02969	
10	33	0	0	0	-9.2251	-7.03259	-10.0666	-6.19731	-10001	0.196119	1.0075	
10	34	0	0	0	-9.26054	-7.03162	-10.0994	-6.20159	-10001	0.203716	1.01064	
10	35	0	0	0	-9.29603	-7.03036	-10.1428	-6.19541	-10001	0.211387	1.0141	
