2	1	0	0	0	0.945729	-0.646697	0.0582164	0.00275771	-0.967463	-10001	0.273385	0.8	
2	2	0	0	0	0.380195	-0.0558469	-0.137423	-0.634163	-0.953446	-10001	0.548669	0.639022	
2	3	0	0	0	0	0	0	-1.07208	-0.908354	-10001	-10001	0.845727	
2	4	0	0	0	0	0	0	-1.43885	-0.830034	-10001	-10001	1.1551	
2	5	0	0	0	0	0	0	-1.72983	-0.763185	-10001	-10001	1.47226	
2	6	0	0	0	0	0	0	-2.00222	-0.686361	-10001	-10001	1.79471	
2	7	0	0	0	0	0	0	0	0	-10001	-10001	-10001	
2	8	0	0	0	0	0	0	0	0	-10001	-10001	-10001	
2	9	0	0	0	0	0	0	0	0	-10001	-10001	-10001	
2	10	0	0	0	0	0	0	0	0	-10001	-10001	-10001	
2	11	0	0	0	0	0	0	0	0	-10001	-10001	-10001	
2	12	0	0	0	0	0	0	0	0	-10001	-10001	-10001	
2	13	0	0	0	0	0	0	0	0	-10001	-10001	-10001	
2	14	0	0	0	0	0	0	0	0	-10001	-10001	-10001	
2	15	0	0	0	0	0	0	0	0	-10001	-10001	-10001	
2	16	0	0	0	0	0	0	0	0	-10001	-10001	-10001	
2	17	0	0	0	0	0	0	0	0	-10001	-10001	-10001	
2	18	0	0	0	0	0	0	0	0	-10001	-10001	-10001	
2	19	0	0	0	0	0	0	0	0	-10001	-10001	-10001	
2	20	0	0	0	0	0	0	0	0	-10001	-10001	-10001	
2	21	0	0	0	0	0	0	0	0	-10001	-10001	-10001	
2	22	0	0	0	0	0	0	0	0	-10001	-10001	-10001	
2	23	0	0	0	0	0	0	0	0	-10001	-10001	-10001	
2	24	0	0	0	0	0	0	0	0	-10001	-10001	-10001	
2	25	0	0	0	0	0	0	0	0	-10001	-10001	-10001	
2	26	0	0	0	0	0	0	0	0	-10001	-10001	-10001	
2	27	0	0	0	0	0	0	0	0	-10001	-10001	-10001	
2	28	0	0	0	0	0	0	0	0	-10001	-10001	-10001	
2	29	0	0	0	0	0	0	0	0	-10001	-10001	-10001	
2	30	0	0	0	0	0	0	0	0	-10001	-10001	-10001	
2	31	0	0	0	0	0	0	0	0	-10001	-10001	-10001	
2	32	0	0	0	0	0	0	0	0	-10001	-10001	-10001	
2	33	0	0	0	0	0	0	0	0	-10001	-10001	-10001	
2	34	0	0	0	0	0	0	0	0	-10001	-10001	-10001	
2	35	0	0	0	0	0	0	0	0	-10001	-10001	-10001	
3	1	0.123858	0.242215	-0.550292	0.181927	-0.103624	-0.070563	-1.09696	-2.08705	0.076573	0.266221	0.619883	
3	2	0.0248069	0.309813	-0.576556	0.0746266	-0.00695443	-0.0654923	-1.84345	-2.02201	0.15691	0.3	0.630166	
3	3	0	0	0	0.027574	0.0536144	-0.0870338	-2.34912	-2.0051	-10001	0.248837	0.623177	
3	4	0	0	0	0.0180297	0.0328078	-0.0519166	-2.73847	-1.98581	-10001	0.349275	0.653679	
3	5	0	0	0	0.0160675	0.0108883	-0.0242852	-3.03562	-1.98007	-10001	0.456179	0.707111	
3	6	0	0	0	0.0146628	0.000361895	-0.0115129	-3.28263	-1.96952	-10001	0.56813	0.749407	
3	7	0	0	0	0	0	0	-3.5026	-1.94746	-10001	-10001	0.684104	
3	8	0	0	0	0	0	0	-3.62013	-1.98609	-10001	-10001	0.803344	
3	9	0	0	0	0	0	0	-3.73523	-2.00689	-10001	-10001	0.925276	
3	10	0	0	0	0	0	0	-3.84876	-2.01458	-10001	-10001	1.04945	
3	11	0	0	0	0	0	0	-3.96197	-2.01269	-10001	-10001	1.17553	
3	12	0	0	0	0	0	0	-4.07435	-2.00303	-10001	-10001	1.30322	
3	13	0	0	0	0	0	0	-4.17854	-1.99362	-10001	-10001	1.4323	
3	14	0	0	0	0	0	0	-4.28952	-1.97545	-10001	-10001	1.56258	
3	15	0	0	0	0	0	0	-4.40046	-1.95413	-10001	-10001	1.69392	
3	16	0	0	0	0	0	0	-4.50067	-1.93616	-10001	-10001	1.82617	
3	17	0	0	0	0	0	0	-4.61083	-1.91079	-10001	-10001	1.95924	
3	18	0	0	0	0	0	0	0	0	-10001	-10001	-10001	
3	19	0	0	0	0	0	0	0	0	-10001	-10001	-10001	
3	20	0	0	0	0	0	0	0	0	-10001	-10001	-10001	
3	21	0	0	0	0	0	0	0	0	-10001	-10001	-10001	
3	22	0	0	0	0	0	0	0	0	-10001	-10001	-10001	
3	23	0	0	0	0	0	0	0	0	-10001	-10001	-10001	
3	24	0	0	0	0	0	0	0	0	-10001	-10001	-10001	
3	25	0	0	0	0	0	0	0	0	-10001	-10001	-10001	
3	26	0	0	0	0	0	0	0	0	-10001	-10001	-10001	
3	27	0	0	0	0	0	0	0	0	-10001	-10001	-10001	
3	28	0	0	0	0	0	0	0	0	-10001	-10001	-10001	
3	29	0	0	0	0	0	0	0	0	-10001	-10001	-10001	
3	30	0	0	0	0	0	0	0	0	-10001	-10001	-10001	
3	31	0	0	0	0	0	0	0	0	-10001	-10001	-10001	
3	32	0	0	0	0	0	0	0	0	-10001	-10001	-10001	
3	33	0	0	0	0	0	0	0	0	-10001	-10001	-10001	
3	34	0	0	0	0	0	0	0	0	-10001	-10001	-10001	
3	35	0	0	0	0	0	0	0	0	-10001	-10001	-10001	
4	1	0.0310867	0.236702	-0.628698	0.0778503	-0.10845	0.0328606	-1.93958	-2.93704	0.036156	0.260863	0.624825	
4	2	0.00721837	0.163191	-0.391439	0.0329599	-0.0334047	-0.00191791	-2.64036	-2.92719	0.07196	0.252356	0.60323	
4	3	-0.000723741	0.118713	-0.253025	0.0174864	-0.0134347	-0.00590188	-3.16281	-2.90884	0.112693	0.267372	0.613253	
4	4	-0.00343994	0.0880702	-0.168057	0.0103945	-0.00552035	-0.00615612	-3.57105	-2.89974	0.157531	0.289037	0.626983	
4	5	0	0	0	0.00363137	0.0107038	-0.0181078	-3.90583	-2.89002	-10001	0.20583	0.6	
4	6	0	0	0	0.00281031	0.00695038	-0.0120535	-4.18901	-2.87805	-10001	0.257076	0.605329	
4	7	0	0	0	0.00244489	0.00402856	-0.00778087	-4.42845	-2.86959	-10001	0.310856	0.62499	
4	8	0	0	0	0.00250432	0.000913712	-0.00384553	-4.62408	-2.87228	-10001	0.366831	0.663603	
4	9	0	0	0	0.00239097	-0.00045494	-0.00204923	-4.80124	-2.86855	-10001	0.424722	0.688131	
4	10	0	0	0	0.00230861	-0.00138832	-0.000849015	-4.95671	-2.86627	-10001	0.484295	0.714499	
4	11	0	0	0	0.00223073	-0.00198802	-7.1125e-05	-5.09395	-2.86515	-10001	0.545354	0.742549	
4	12	0	0	0	0.00214657	-0.00233895	0.000411778	-5.21581	-2.86511	-10001	0.607734	0.772081	
4	13	0	0	0	0	0	0	-5.35827	-2.835	-10001	-10001	0.671292	
4	14	0	0	0	0	0	0	-5.42217	-2.86788	-10001	-10001	0.735906	
4	15	0	0	0	0	0	0	-5.48733	-2.88904	-10001	-10001	0.80147	
4	16	0	0	0	0	0	0	-5.5193	-2.93951	-10001	-10001	0.867893	
4	17	0	0	0	0	0	0	-5.60226	-2.9276	-10001	-10001	0.935095	
4	18	0	0	0	0	0	0	-5.66569	-2.9349	-10001	-10001	1.003	
4	19	0	0	0	0	0	0	-5.72399	-2.94232	-10001	-10001	1.07156	
4	20	0	0	0	0	0	0	-5.78669	-2.94344	-10001	-10001	1.14071	
4	21	0	0	0	0	0	0	-5.84962	-2.94194	-10001	-10001	1.2104	
4	22	0	0	0	0	0	0	-5.90639	-2.94286	-10001	-10001	1.28059	
4	23	0	0	0	0	0	0	-5.96923	-2.93714	-10001	-10001	1.35124	
4	24	0	0	0	0	0	0	-6.03221	-2.93	-10001	-10001	1.42231	
4	25	0	0	0	0	0	0	-6.0877	-2.92644	-10001	-10001	1.49378	
4	26	0	0	0	0	0	0	-6.15027	-2.91664	-10001	-10001	1.56561	
4	27	0	0	0	0	0	0	-6.21333	-2.90583	-10001	-10001	1.63778	
4	28	0	0	0	0	0	0	-6.26715	-2.89945	-10001	-10001	1.71027	
4	29	0	0	0	0	0	0	-6.33005	-2.88693	-10001	-10001	1.78305	
4	30	0	0	0	0	0	0	-6.38275	-2.87928	-10001	-10001	1.85611	
4	31	0	0	0	0	0	0	-6.44573	-2.86553	-10001	-10001	1.92942	
4	32	0	0	0	0	0	0	0	0	-10001	-10001	-10001	
4	33	0	0	0	0	0	0	0	0	-10001	-10001	-10001	
4	34	0	0	0	0	0	0	0	0	-10001	-10001	-10001	
4	35	0	0	0	0	0	0	0	0	-10001	-10001	-10001	
5	1	0.0112535	0.156887	-0.463247	0.0378191	-0.0676115	0.0311156	-2.57463	-3.64923	0.021237	0.227058	0.617915	
5	2	0.00309369	0.0923894	-0.255076	0.0174789	-0.0287306	0.0110801	-3.25312	-3.66207	0.041211	0.227536	0.608484	
5	3	0.000420465	0.0592991	-0.147167	0.010113	-0.0165039	0.00643291	-3.77071	-3.65508	0.063478	0.246755	0.631144	
5	4	-0.000808845	0.0442803	-0.103204	0.00612073	-0.00895014	0.00257036	-4.18858	-3.64463	0.08778	0.251623	0.620477	
5	5	-0.00133228	0.0346025	-0.0759161	0.00392458	-0.00489042	0.000564678	-4.52803	-3.64152	0.113899	0.258188	0.614551	
5	6	-0.00152447	0.0277441	-0.0574031	0.0026137	-0.00254554	-0.000531546	-4.82942	-3.61859	0.141647	0.266298	0.608936	
5	7	-0.00154763	0.0225649	-0.0440978	0.00178591	-0.00113211	-0.00113502	-5.10822	-3.58124	0.170861	0.275786	0.602797	
5	8	0	0	0	0.000747649	0.00181264	-0.00351197	-5.32112	-3.58341	-10001	0.2014	0.604235	
5	9	0	0	0	0.00066716	0.00112428	-0.00242788	-5.51317	-3.58178	-10001	0.23314	0.6	
5	10	0	0	0	0.000623093	0.000587799	-0.00162601	-5.68543	-3.5789	-10001	0.265974	0.606737	
5	11	0	0	0	0.000597981	0.000176223	-0.00103506	-5.8399	-3.57799	-10001	0.299806	0.624121	
5	12	0	0	0	0.000581818	-0.000133255	-0.000603239	-5.97943	-3.57756	-10001	0.334552	0.642596	
5	13	0	0	0	0.000530029	-0.000197504	-0.000456531	-6.11336	-3.57181	-10001	0.370136	0.645824	
5	14	0	0	0	0.000524146	-0.000393564	-0.000193719	-6.22847	-3.57202	-10001	0.406492	0.666427	
5	15	0	0	0	0.000516049	-0.000530207	-9.14334e-06	-6.3318	-3.57487	-10001	0.443559	0.68839	
5	16	0	0	0	0.00050516	-0.000620012	0.000116751	-6.42807	-3.57616	-10001	0.481285	0.711326	
5	17	0	0	0	0.000491435	-0.000673335	0.000198992	-6.51679	-3.57764	-10001	0.51962	0.73561	
5	18	0	0	0	0.000460151	-0.000649293	0.000208619	-6.60953	-3.57181	-10001	0.55852	0.742297	
5	19	0	0	0	0.000445426	-0.000667469	0.000248139	-6.68278	-3.57681	-10001	0.597947	0.769672	
5	20	0	0	0	0.000428441	-0.000667166	0.000267822	-6.75226	-3.58017	-10001	0.637864	0.799642	
5	21	0	0	0	0	0	0	-6.84806	-3.55917	-10001	-10001	0.678238	
5	22	0	0	0	0	0	0	-6.88803	-3.58007	-10001	-10001	0.719041	
5	23	0	0	0	0	0	0	-6.9362	-3.58771	-10001	-10001	0.760243	
5	24	0	0	0	0	0	0	-7.00507	-3.58023	-10001	-10001	0.801821	
5	25	0	0	0	0	0	0	-7.01923	-3.61454	-10001	-10001	0.843751	
5	26	0	0	0	0	0	0	-7.01198	-3.67151	-10001	-10001	0.886012	
5	27	0	0	0	0	0	0	-7.05212	-3.67733	-10001	-10001	0.928585	
5	28	0	0	0	0	0	0	-7.1117	-3.66329	-10001	-10001	0.971453	
5	29	0	0	0	0	0	0	-7.14898	-3.6702	-10001	-10001	1.0146	
5	30	0	0	0	0	0	0	-7.18983	-3.67247	-10001	-10001	1.058	
5	31	0	0	0	0	0	0	-7.22646	-3.67714	-10001	-10001	1.10166	
5	32	0	0	0	0	0	0	-7.26753	-3.67706	-10001	-10001	1.14555	
5	33	0	0	0	0	0	0	-7.3089	-3.67584	-10001	-10001	1.18966	
5	34	0	0	0	0	0	0	-7.34489	-3.67778	-10001	-10001	1.23398	
5	35	0	0	0	0	0	0	-7.38645	-3.67475	-10001	-10001	1.2785	
6	1	0.00503395	0.102447	-0.324577	0.0208247	-0.0432513	0.0239223	-3.08462	-4.25895	0.014055	0.209037	0.786564	
6	2	0.00165679	0.0540802	-0.15861	0.0101936	-0.0209145	0.0114133	-3.7742	-4.25257	0.026789	0.220542	0.796551	
6	3	0.000327901	0.0365657	-0.104142	0.00571554	-0.011126	0.00558015	-4.29616	-4.24274	0.040704	0.21733	0.613583	
6	4	-0.000145727	0.0250025	-0.0659612	0.00369433	-0.00712917	0.00355408	-4.7057	-4.24013	0.055706	0.231112	0.630268	
6	5	-0.000441639	0.019755	-0.0506215	0.0024228	-0.00431991	0.00184429	-5.06992	-4.20801	0.071711	0.229435	0.601983	
6	6	-0.000497352	0.0147908	-0.035234	0.00177572	-0.00317085	0.00138119	-5.36121	-4.20472	0.088643	0.245275	0.619413	
6	7	-0.000577534	0.0124792	-0.0288941	0.00125257	-0.00199894	0.000650749	-5.64427	-4.17097	0.106435	0.245019	0.6	
6	8	-0.000530256	0.00967479	-0.0209227	0.000993711	-0.00162167	0.000581941	-5.86233	-4.17439	0.125025	0.262652	0.617074	
6	9	-0.000545566	0.00841892	-0.0177066	0.000730764	-0.00102513	0.000202781	-6.077	-4.1584	0.144357	0.263662	0.601927	
6	10	-0.000545298	0.00740536	-0.0151434	0.0005345	-0.000572611	-9.31351e-05	-6.27014	-4.14349	0.164381	0.265044	0.6	
6	11	-0.000461541	0.005823	-0.0111917	0.000466461	-0.000573517	3.27087e-05	-6.42429	-4.15078	0.18505	0.284937	0.610713	
6	12	5.89235e-05	0.000569797	0.000727635	0.000349266	-0.000301141	-0.000147068	-6.58504	-4.13811	0.206324	0.263588	0.617009	
6	13	0	0	0	0.000194909	0.000172612	-0.0005463	-6.73356	-4.12518	-10001	0.228163	0.617483	
6	14	0	0	0	0.000180484	0.000100498	-0.00042294	-6.8602	-4.11609	-10001	0.250532	0.6	
6	15	0	0	0	0.000185079	-3.57721e-05	-0.00023411	-6.97333	-4.12629	-10001	0.273399	0.630787	
6	16	0	0	0	0.000175351	-7.68482e-05	-0.000163769	-7.05976	-4.15929	-10001	0.296735	0.613967	
6	17	0	0	0	0.000167389	-0.000110313	-0.000106556	-7.18427	-4.1151	-10001	0.320512	0.620757	
6	18	0	0	0	0.000160611	-0.000137063	-6.03407e-05	-7.26401	-4.13247	-10001	0.344706	0.631105	
6	19	0	0	0	0.000163345	-0.000194465	1.37512e-05	-7.37497	-4.1147	-10001	0.369291	0.651701	
6	20	0	0	0	0.000156908	-0.000205234	3.71179e-05	-7.47239	-4.09491	-10001	0.394248	0.659681	
6	21	0	0	0	0.000150896	-0.000212324	5.49976e-05	-7.52587	-4.11563	-10001	0.419556	0.674566	
6	22	0	0	0	0.000145186	-0.00021631	6.83496e-05	-7.58438	-4.13306	-10001	0.445197	0.688148	
6	23	0	0	0	0.000139698	-0.000217707	7.79864e-05	-7.64747	-4.14135	-10001	0.471152	0.701159	
6	24	0	0	0	0.000134382	-0.000216969	8.4593e-05	-7.71246	-4.14318	-10001	0.497407	0.714067	
6	25	0	0	0	0.000129208	-0.000214496	8.87474e-05	-7.77315	-4.14622	-10001	0.523946	0.728086	
6	26	0	0	0	0.000124161	-0.000210632	9.09341e-05	-7.83168	-4.14814	-10001	0.550755	0.743135	
6	27	0	0	0	0.000121442	-0.000212856	9.73778e-05	-7.90351	-4.12569	-10001	0.577821	0.781299	
6	28	0	0	0	0.00011622	-0.000205569	9.54556e-05	-7.94815	-4.13649	-10001	0.605132	0.8	
6	29	0	0	0	0.000111161	-0.000197864	9.28056e-05	-7.99392	-4.14343	-10001	0.632676	0.8	
6	30	0	0	0	0	0	0	-8.05982	-4.13986	-10001	-10001	0.660442	
6	31	0	0	0	0	0	0	-8.08963	-4.15222	-10001	-10001	0.688421	
6	32	0	0	0	0	0	0	-8.12667	-4.15464	-10001	-10001	0.716602	
6	33	0	0	0	0	0	0	-8.22265	-4.09707	-10001	-10001	0.744978	
6	34	0	0	0	0	0	0	-8.22898	-4.1396	-10001	-10001	0.773539	
6	35	0	0	0	0	0	0	-8.23966	-4.1671	-10001	-10001	0.802277	
7	1	0.00259282	0.0687321	-0.228783	0.0124763	-0.0285878	0.0175349	-3.53784	-4.75545	0.010025	0.2	0.681624	
7	2	0.000915764	0.0356738	-0.112087	0.00615572	-0.013967	0.00847218	-4.22373	-4.75034	0.018871	0.205877	0.690528	
7	3	0.000310034	0.021893	-0.0649447	0.00360549	-0.00810095	0.0048599	-4.73527	-4.74839	0.028379	0.214842	0.700088	
7	4	5.00563e-05	0.0147969	-0.0414815	0.00234024	-0.0052078	0.0030906	-5.14606	-4.74418	0.03851	0.224409	0.709045	
7	5	-0.00012567	0.0117388	-0.0326676	0.00158481	-0.00341766	0.00194401	-5.51346	-4.70958	0.049229	0.21895	0.785845	
7	6	-0.000173801	0.00881817	-0.0232043	0.00115889	-0.00248024	0.00140019	-5.80979	-4.70252	0.060502	0.2296	0.785235	
7	7	-0.000234206	0.00755053	-0.0197188	0.000840566	-0.00170647	0.000886058	-6.08677	-4.67771	0.072297	0.224632	0.6	
7	8	-0.000229689	0.00596952	-0.0147615	0.000659117	-0.00133465	0.000694578	-6.31086	-4.67796	0.084587	0.236288	0.61284	
7	9	-0.000216078	0.00477969	-0.0112181	0.000529984	-0.00107153	0.000559554	-6.5106	-4.67885	0.097345	0.248403	0.627745	
7	10	-0.000233182	0.00432708	-0.0100674	0.000406872	-0.000763281	0.000347045	-6.71044	-4.66054	0.110546	0.244389	0.6	
7	11	-0.000209814	0.00352965	-0.00780984	0.000341397	-0.000646042	0.000302076	-6.87335	-4.66322	0.124167	0.25738	0.614625	
7	12	-0.000217647	0.00326005	-0.00714503	0.000264909	-0.000447646	0.000159344	-7.04307	-4.64487	0.138187	0.2538	0.6	
7	13	-0.000191353	0.00268226	-0.00560314	0.000230463	-0.000400208	0.000156496	-7.17884	-4.64962	0.152586	0.267592	0.607941	
7	14	-0.000195074	0.00251059	-0.00518988	0.000179042	-0.000261976	5.30318e-05	-7.32633	-4.63142	0.167346	0.26441	0.606967	
7	15	-0.000168571	0.00207073	-0.00409011	0.000161136	-0.000250601	7.09795e-05	-7.44097	-4.63809	0.182448	0.278934	0.615958	
7	16	1.72545e-05	0.000184302	0.000342153	0.000124481	-0.000148678	-7.95363e-06	-7.57113	-4.62025	0.197877	0.254122	0.614165	
7	17	5.0858e-05	-0.000109152	0.000748072	0.000115938	-0.000156682	2.02117e-05	-7.66881	-4.62879	0.213617	0.268147	0.626762	
7	18	0	0	0	6.89649e-05	2.92376e-06	-0.000122046	-7.78498	-4.61144	-10001	0.229655	0.620551	
7	19	0	0	0	6.91038e-05	-3.09829e-05	-7.21227e-05	-7.86871	-4.62177	-10001	0.245976	0.635714	
7	20	0	0	0	6.45156e-05	-3.49223e-05	-5.97273e-05	-7.97346	-4.60502	-10001	0.262568	0.62423	
7	21	0	0	0	6.47826e-05	-5.87262e-05	-2.56757e-05	-8.04537	-4.61701	-10001	0.279419	0.638845	
7	22	0	0	0	6.11743e-05	-6.03592e-05	-1.7969e-05	-8.14036	-4.60091	-10001	0.296518	0.623984	
7	23	0	0	0	5.79928e-05	-6.16518e-05	-1.1291e-05	-8.23174	-4.58418	-10001	0.313855	0.607311	
7	24	0	0	0	5.824e-05	-7.63656e-05	9.21943e-06	-8.28899	-4.59904	-10001	0.331419	0.626396	
7	25	0	0	0	5.55195e-05	-7.60337e-05	1.29641e-05	-8.3726	-4.58307	-10001	0.349201	0.627261	
7	26	0	0	0	5.53743e-05	-8.53024e-05	2.61108e-05	-8.42189	-4.59927	-10001	0.367192	0.647533	
7	27	0	0	0	5.29607e-05	-8.38305e-05	2.78494e-05	-8.49885	-4.58407	-10001	0.385383	0.648894	
7	28	0	0	0	5.07203e-05	-8.22222e-05	2.9173e-05	-8.57338	-4.56838	-10001	0.403768	0.650282	
7	29	0	0	0	5.02452e-05	-8.68093e-05	3.61905e-05	-8.61212	-4.58704	-10001	0.422338	0.672784	
7	30	0	0	0	4.81904e-05	-8.45261e-05	3.63294e-05	-8.68113	-4.57216	-10001	0.441086	0.674664	
7	31	0	0	0	4.62546e-05	-8.21983e-05	3.62439e-05	-8.71832	-4.60165	-10001	0.460005	0.68034	
7	32	0	0	0	4.54756e-05	-8.36698e-05	3.94241e-05	-8.77813	-4.57771	-10001	0.479088	0.702846	
7	33	0	0	0	4.36769e-05	-8.10041e-05	3.8685e-05	-8.84045	-4.56321	-10001	0.498331	0.705281	
7	34	0	0	0	4.26299e-05	-8.06481e-05	3.98133e-05	-8.86572	-4.58486	-10001	0.517726	0.77339	
7	35	0	0	0	4.0959e-05	-7.78363e-05	3.86955e-05	-8.92387	-4.57117	-10001	0.537269	0.695923	
8	1	0.00159841	0.0432226	-0.141097	0.00795344	-0.0194787	0.0127037	-3.9247	-5.19363	0.007528	0.219022	0.674349	
8	2	0.000551192	0.0245394	-0.0810326	0.00394859	-0.00961882	0.00625018	-4.614	-5.18324	0.014045	0.2	0.663776	
8	3	0.000211547	0.0149601	-0.0472367	0.00232502	-0.0056186	0.00361804	-5.13393	-5.16875	0.02096	0.202328	0.669815	
8	4	6.17671e-05	0.0100697	-0.0304129	0.00151593	-0.00363404	0.00231894	-5.54533	-5.16311	0.028255	0.209333	0.676603	
8	5	-1.07651e-05	0.00722698	-0.0208918	0.00105792	-0.00251582	0.0015909	-5.88743	-5.1591	0.035912	0.216673	0.683742	
8	6	-7.5753e-05	0.00602854	-0.0175673	0.000762685	-0.00178056	0.00110168	-6.20663	-5.12738	0.043917	0.209146	0.690098	
8	7	-9.0101e-05	0.00468259	-0.0130554	0.000580086	-0.00134465	0.000825505	-6.46191	-5.12585	0.052253	0.217105	0.695509	
8	8	-9.48906e-05	0.00372206	-0.00994086	0.000454197	-0.00104566	0.000637174	-6.6878	-5.12485	0.060907	0.22536	0.701279	
8	9	-9.42442e-05	0.00300958	-0.00770995	0.000364071	-0.000832696	0.000503791	-6.89025	-5.12438	0.069865	0.233893	0.707046	
8	10	-0.000109611	0.00276687	-0.00712809	0.000287469	-0.000635876	0.000367561	-7.09276	-5.10395	0.079114	0.226981	0.8	
8	11	-0.000102591	0.00229638	-0.00567661	0.000239232	-0.000527251	0.000304027	-7.25981	-5.10466	0.088642	0.236064	0.791144	
8	12	-9.46787e-05	0.0019191	-0.004559	0.000201959	-0.000443657	0.000255289	-7.41275	-5.10586	0.098438	0.24539	0.781863	
8	13	-0.000102256	0.00182379	-0.00435024	0.000163204	-0.000339695	0.000179627	-7.57474	-5.08509	0.108491	0.238802	0.6	
8	14	-9.28374e-05	0.00154342	-0.00353996	0.000141479	-0.000295231	0.000157557	-7.70517	-5.08755	0.118791	0.248633	0.609456	
8	15	-8.35511e-05	0.00130875	-0.00289119	0.000123868	-0.000259177	0.000139503	-7.82605	-5.09054	0.129329	0.258674	0.622239	
8	16	-8.8282e-05	0.00126913	-0.00280979	0.000100971	-0.000195008	9.06232e-05	-7.96167	-5.06954	0.140095	0.252403	0.6	
8	17	-7.87874e-05	0.00108229	-0.00230964	9.03827e-05	-0.000176857	8.50304e-05	-8.06656	-5.07388	0.15108	0.262907	0.604889	
8	18	-8.25627e-05	0.00106003	-0.00226456	7.26542e-05	-0.000124434	4.28323e-05	-8.18939	-5.05213	0.162277	0.256668	0.603266	
8	19	-7.32045e-05	0.000906642	-0.00186853	6.65026e-05	-0.000117741	4.54103e-05	-8.28131	-5.05776	0.173677	0.26761	0.610446	
8	20	-6.43437e-05	0.00077385	-0.00154157	6.12217e-05	-0.00011161	4.68807e-05	-8.36744	-5.06387	0.185274	0.278718	0.61239	
8	21	0	0	0	3.05975e-05	3.8242e-06	-6.22205e-05	-8.47453	-5.04243	-10001	0.19706	0.61593	
8	22	0	0	0	3.02525e-05	-8.78204e-06	-4.21898e-05	-8.55065	-5.04979	-10001	0.209028	0.627247	
8	23	0	0	0	2.77756e-05	-7.38229e-06	-4.04954e-05	-8.64994	-5.02779	-10001	0.221172	0.613029	
8	24	0	0	0	2.76924e-05	-1.74138e-05	-2.50464e-05	-8.71725	-5.0365	-10001	0.233485	0.624483	
8	25	0	0	0	2.75356e-05	-2.53974e-05	-1.27972e-05	-8.78066	-5.04554	-10001	0.245963	0.635823	
8	26	0	0	0	2.57598e-05	-2.39376e-05	-1.21409e-05	-8.86932	-5.02416	-10001	0.258599	0.621293	
8	27	0	0	0	2.56811e-05	-3.01168e-05	-2.81968e-06	-8.92572	-5.03439	-10001	0.271388	0.632475	
8	28	0	0	0	2.42089e-05	-2.86735e-05	-2.54842e-06	-9.00906	-5.01263	-10001	0.284325	0.616484	
8	29	0	0	0	2.41414e-05	-3.33572e-05	4.46741e-06	-9.05907	-5.02411	-10001	0.297405	0.626347	
8	30	0	0	0	2.28894e-05	-3.19206e-05	4.45143e-06	-9.13775	-5.00206	-10001	0.310624	0.601342	
8	31	0	0	0	2.27967e-05	-3.53737e-05	9.6526e-06	-9.18205	-5.01474	-10001	0.323977	0.616128	
8	32	0	0	0	2.25929e-05	-3.78305e-05	1.35354e-05	-9.22395	-5.02752	-10001	0.33746	0.631439	
8	33	0	0	0	2.15741e-05	-3.63967e-05	1.32038e-05	-9.29578	-5.0063	-10001	0.351068	0.628039	
8	34	0	0	0	2.13325e-05	-3.80217e-05	1.59341e-05	-9.33285	-5.02017	-10001	0.364798	0.644317	
8	35	0	0	0	2.04302e-05	-3.66286e-05	1.54942e-05	-9.40107	-4.99885	-10001	0.378647	0.641029	
9	1	0.000996898	0.0307094	-0.102913	0.00527242	-0.0135031	0.00915213	-4.27206	-5.57737	0.005869	0.224842	0.66796	
9	2	0.000353986	0.0174832	-0.0599492	0.00265455	-0.00681687	0.00464915	-4.97774	-5.54413	0.010879	0.2	0.648896	
9	3	0.000148157	0.0106188	-0.0351304	0.00156966	-0.00400446	0.00271105	-5.49006	-5.5389	0.016142	0.2	0.653824	
9	4	5.56507e-05	0.00712854	-0.0227558	0.0010274	-0.00260368	0.00174963	-5.90103	-5.53369	0.021648	0.2	0.658596	
9	5	9.45881e-06	0.00510984	-0.0157437	0.000719483	-0.00181117	0.00120795	-6.24234	-5.53013	0.027389	0.20414	0.664149	
9	6	-1.48949e-05	0.00383471	-0.0114084	0.000528785	-0.00132219	0.000875187	-6.53467	-5.5273	0.033357	0.209911	0.669923	
9	7	-2.79021e-05	0.00297575	-0.00855298	0.000403	-0.0010009	0.000657516	-6.78913	-5.52652	0.039544	0.215876	0.67594	
9	8	-4.85403e-05	0.00265637	-0.00777199	0.000313999	-0.000773314	0.000504043	-7.03431	-5.50488	0.045941	0.207206	0.665512	
9	9	-5.01387e-05	0.00216108	-0.00610506	0.000252011	-0.000616804	0.000399242	-7.23804	-5.5038	0.052542	0.213542	0.67115	
9	10	-4.97636e-05	0.00178486	-0.0048724	0.000206114	-0.000501402	0.000322335	-7.42255	-5.50315	0.059341	0.220055	0.677066	
9	11	-4.81901e-05	0.00149166	-0.00393828	0.000171266	-0.000414146	0.000264462	-7.59117	-5.50283	0.066329	0.226734	0.683069	
9	12	-5.56888e-05	0.00142073	-0.00381089	0.000140664	-0.000332605	0.000206613	-7.76652	-5.48056	0.073502	0.218213	0.7081	
9	13	-5.23061e-05	0.0012112	-0.00314124	0.000120024	-0.000282589	0.000174797	-7.9101	-5.48095	0.080852	0.225237	0.708732	
9	14	-4.87505e-05	0.00103858	-0.00260687	0.000103483	-0.000242651	0.000149485	-8.0432	-5.48183	0.088375	0.232414	0.709781	
9	15	-4.51327e-05	0.000894558	-0.00217532	9.00432e-05	-0.000210312	0.000129056	-8.16727	-5.48304	0.096065	0.239733	0.711274	
9	16	-4.93333e-05	0.000880727	-0.00217054	7.53963e-05	-0.000169173	9.81039e-05	-8.30563	-5.45998	0.103917	0.231394	0.6	
9	17	-4.53575e-05	0.000765861	-0.00182832	6.67991e-05	-0.00014984	8.70866e-05	-8.41463	-5.46196	0.111924	0.239036	0.604671	
9	18	-4.14992e-05	0.000667164	-0.00154448	5.95853e-05	-0.000133633	7.78277e-05	-8.51687	-5.46444	0.120084	0.246808	0.8	
9	19	-3.77777e-05	0.000581823	-0.00130761	5.34761e-05	-0.00011991	6.99609e-05	-8.61323	-5.46722	0.12839	0.2547	0.792169	
9	20	-4.07665e-05	0.000584688	-0.00132795	4.5005e-05	-9.48751e-05	5.01626e-05	-8.72833	-5.44375	0.136839	0.246556	0.6	
9	21	-3.70105e-05	0.000512263	-0.00112947	4.10042e-05	-8.70016e-05	4.6706e-05	-8.81445	-5.44736	0.145426	0.25475	0.6	
9	22	-3.3429e-05	0.000448639	-0.000961458	3.75358e-05	-8.01209e-05	4.35915e-05	-8.8958	-5.45141	0.154147	0.263051	0.608489	
9	23	-3.5959e-05	0.000456012	-0.000985667	3.12015e-05	-6.03269e-05	2.7099e-05	-8.99888	-5.4271	0.162999	0.254915	0.600173	
9	24	-3.24223e-05	0.000400399	-0.000841233	2.9e-05	-5.71012e-05	2.68767e-05	-9.07214	-5.43201	0.171977	0.263503	0.603571	
9	25	-2.90688e-05	0.000351064	-0.000717861	2.7049e-05	-5.41379e-05	2.64822e-05	-9.14158	-5.43733	0.181077	0.272188	0.6	
9	26	0	0	0	1.37553e-05	-1.99501e-06	-2.4067e-05	-9.23525	-5.41233	-10001	0.190297	0.609227	
9	27	0	0	0	1.35801e-05	-6.27963e-06	-1.69693e-05	-9.29787	-5.4187	-10001	0.199633	0.617985	
9	28	0	0	0	1.34059e-05	-9.84195e-06	-1.10935e-05	-9.35777	-5.42511	-10001	0.209082	0.626803	
9	29	0	0	0	1.32272e-05	-1.27761e-05	-6.25142e-06	-9.41473	-5.43185	-10001	0.21864	0.635574	
9	30	0	0	0	1.22997e-05	-1.12251e-05	-7.07253e-06	-9.49783	-5.40718	-10001	0.228305	0.619323	
9	31	0	0	0	1.21959e-05	-1.37349e-05	-3.02626e-06	-9.54958	-5.4148	-10001	0.238073	0.628185	
9	32	0	0	0	1.20711e-05	-1.57584e-05	2.71171e-07	-9.59886	-5.42271	-10001	0.247942	0.636895	
9	33	0	0	0	1.13511e-05	-1.44818e-05	-4.20102e-07	-9.67606	-5.39767	-10001	0.257909	0.620376	
9	34	0	0	0	1.12638e-05	-1.61782e-05	2.30984e-06	-9.72088	-5.40645	-10001	0.267972	0.628956	
9	35	0	0	0	1.11494e-05	-1.74991e-05	4.49513e-06	-9.76361	-5.41545	-10001	0.278128	0.637113	
10	1	0.000659319	0.0224493	-0.076857	0.00363613	-0.00964057	0.00672635	-4.58415	-5.91989	0.004708	0.227108	0.664081	
10	2	0.000277673	0.0114608	-0.038166	0.00181909	-0.00479762	0.00332809	-5.26525	-5.91524	0.008685	0.231035	0.668089	
10	3	0.000106671	0.0077757	-0.0266738	0.00109954	-0.00292505	0.00205552	-5.80533	-5.8762	0.01283	0.2	0.645024	
10	4	4.61883e-05	0.00521123	-0.0173606	0.00072197	-0.00191	0.00133399	-6.21231	-5.87463	0.017138	0.201753	0.649287	
10	5	1.53314e-05	0.00373185	-0.0120746	0.000507105	-0.00133406	0.000925959	-6.55253	-5.87215	0.021605	0.206377	0.653549	
10	6	-1.4677e-06	0.00280021	-0.0088016	0.000373734	-0.000977653	0.000674321	-6.84382	-5.87024	0.026224	0.21122	0.658112	
10	7	-1.09191e-05	0.00217485	-0.0066427	0.000285563	-0.00074276	0.000509066	-7.09871	-5.86855	0.030993	0.216277	0.662813	
10	8	-1.62453e-05	0.00173412	-0.00514869	0.000224412	-0.00058037	0.000395237	-7.32522	-5.86709	0.035907	0.221542	0.667643	
10	9	-2.72672e-05	0.00159068	-0.00484829	0.000180819	-0.000467052	0.000318483	-7.54778	-5.84475	0.040961	0.2	0.650717	
10	10	-2.78618e-05	0.00131888	-0.0039044	0.000148123	-0.000380502	0.000257873	-7.7328	-5.84379	0.046153	0.204141	0.655624	
10	11	-2.76509e-05	0.001108	-0.00318756	0.000123239	-0.000314862	0.000212087	-7.90243	-5.84289	0.051477	0.209266	0.660508	
10	12	-2.6937e-05	0.000940853	-0.00263177	0.000103901	-0.000264025	0.000176768	-8.05845	-5.84241	0.056931	0.214503	0.665586	
10	13	-2.59075e-05	0.000805945	-0.00219326	8.86001e-05	-0.000223943	0.000149033	-8.20297	-5.84216	0.062511	0.219847	0.670747	
10	14	-2.46833e-05	0.000695359	-0.0018421	7.63061e-05	-0.00019185	0.000126914	-8.33749	-5.84214	0.068214	0.225293	0.675993	
10	15	-2.83732e-05	0.000686485	-0.00186009	6.52726e-05	-0.000162	0.00010569	-8.48432	-5.8186	0.074036	0.215813	0.673142	
10	16	-2.66717e-05	0.000600315	-0.00158258	5.72188e-05	-0.000141416	9.18426e-05	-8.60216	-5.81921	0.079974	0.221489	0.676912	
10	17	-2.49711e-05	0.000527064	-0.00135277	5.05136e-05	-0.000124332	8.0389e-05	-8.71327	-5.81984	0.086025	0.227259	0.680681	
10	18	-2.32924e-05	0.000464254	-0.00116088	4.4878e-05	-0.000110018	7.08223e-05	-8.81779	-5.82092	0.092187	0.23312	0.68472	
10	19	-2.1649e-05	0.000409988	-0.000999502	4.01005e-05	-9.79175e-05	6.27604e-05	-8.9166	-5.82223	0.098456	0.239068	0.688927	
10	20	-2.39859e-05	0.000416683	-0.00103582	3.47414e-05	-8.25104e-05	5.10457e-05	-9.03342	-5.79763	0.104829	0.229648	0.739592	
10	21	-2.22447e-05	0.000370449	-0.000897397	3.14251e-05	-7.45183e-05	4.60676e-05	-9.12242	-5.79942	0.111305	0.235816	0.733575	
10	22	-2.05679e-05	0.000329731	-0.000778969	2.85536e-05	-6.76061e-05	4.17609e-05	-9.20678	-5.80165	0.11788	0.242063	0.728521	
10	23	-1.89578e-05	0.000293717	-0.000677219	2.60516e-05	-6.15884e-05	3.80086e-05	-9.28711	-5.80409	0.124552	0.248386	0.724625	
10	24	-2.08254e-05	0.000303195	-0.000711146	2.24327e-05	-5.04591e-05	2.89586e-05	-9.38886	-5.77827	0.131319	0.238921	0.6	
10	25	-1.91926e-05	0.000271178	-0.000620507	2.06924e-05	-4.66869e-05	2.69896e-05	-9.4618	-5.78147	0.138178	0.245457	0.6	
10	26	-1.76315e-05	0.000242524	-0.00054182	1.9151e-05	-4.33318e-05	2.52136e-05	-9.53174	-5.78466	0.145127	0.252062	0.6	
10	27	-1.61418e-05	0.000216825	-0.000473348	1.77789e-05	-4.03303e-05	2.36012e-05	-9.59841	-5.78824	0.152164	0.258734	0.607989	
10	28	-1.47223e-05	0.000193733	-0.000413637	1.65514e-05	-3.76299e-05	2.21288e-05	-9.66226	-5.792	0.159286	0.265467	0.8	
10	29	-1.62506e-05	0.000203145	-0.000439489	1.41827e-05	-3.00073e-05	1.56939e-05	-9.7502	-5.7658	0.166493	0.256108	0.6	
10	30	-1.48318e-05	0.00018191	-0.000384757	1.33472e-05	-2.8523e-05	1.52385e-05	-9.80888	-5.77016	0.173781	0.263045	0.6	
10	31	-1.34827e-05	0.000162713	-0.000336768	1.25883e-05	-2.71445e-05	1.4769e-05	-9.86497	-5.77488	0.18115	0.270039	0.6	
10	32	-1.22022e-05	0.000145346	-0.000294647	1.18957e-05	-2.58576e-05	1.42887e-05	-9.91884	-5.77973	0.188596	0.277086	0.60756	
10	33	7.98065e-06	-5.09896e-05	0.000170119	1.00239e-05	-1.9554e-05	8.76787e-06	-9.99898	-5.75278	0.196119	0.246252	0.608728	
10	34	3.33353e-06	-5.64773e-06	5.16106e-05	9.58817e-06	-1.91086e-05	9.02934e-06	-10.0487	-5.75828	0.203716	0.256512	0.613116	
10	35	6.96576e-07	1.86172e-05	-1.11898e-05	9.1827e-06	-1.86476e-05	9.19152e-06	-10.0963	-5.76409	0.211387	0.266598	0.615911	
